Date_reported,Country_code,Country,WHO_region,New_cases,Cumulative_cases,New_deaths,Cumulative_deaths
2020-01-03,CN,China,WPRO,0,0,0,0
2020-01-04,CN,China,WPRO,1,1,0,0
2020-01-05,CN,China,WPRO,0,1,0,0
2020-01-06,CN,China,WPRO,3,4,0,0
2020-01-07,CN,China,WPRO,0,4,0,0
2020-01-08,CN,China,WPRO,0,4,0,0
2020-01-09,CN,China,WPRO,0,4,0,0
2020-01-10,CN,China,WPRO,0,4,0,0
2020-01-11,CN,China,WPRO,0,4,0,0
2020-01-12,CN,China,WPRO,41,45,1,1
2020-01-13,CN,China,WPRO,0,45,0,1
2020-01-14,CN,China,WPRO,0,45,0,1
2020-01-15,CN,China,WPRO,0,45,0,1
2020-01-16,CN,China,WPRO,0,45,0,1
2020-01-17,CN,China,WPRO,4,49,1,2
2020-01-18,CN,China,WPRO,0,49,0,2
2020-01-19,CN,China,WPRO,76,125,1,3
2020-01-20,CN,China,WPRO,77,202,1,4
2020-01-21,CN,China,WPRO,93,295,2,6
2020-01-22,CN,China,WPRO,147,442,11,17
2020-01-23,CN,China,WPRO,132,574,1,18
2020-01-24,CN,China,WPRO,261,835,8,26
2020-01-25,CN,China,WPRO,462,1297,16,42
2020-01-26,CN,China,WPRO,688,1985,14,56
2020-01-27,CN,China,WPRO,776,2761,26,82
2020-01-28,CN,China,WPRO,1772,4533,49,131
2020-01-29,CN,China,WPRO,1464,5997,2,133
2020-01-30,CN,China,WPRO,1739,7736,38,171
2020-01-31,CN,China,WPRO,1984,9720,42,213
2020-02-01,CN,China,WPRO,2101,11821,46,259
2020-02-02,CN,China,WPRO,2590,14411,102,361
2020-02-03,CN,China,WPRO,2827,17238,64,425
2020-02-04,CN,China,WPRO,3233,20471,66,491
2020-02-05,CN,China,WPRO,3892,24363,72,563
2020-02-06,CN,China,WPRO,3697,28060,70,633
2020-02-07,CN,China,WPRO,3151,31211,85,718
2020-02-08,CN,China,WPRO,3387,34598,87,805
2020-02-09,CN,China,WPRO,2653,37251,100,905
2020-02-10,CN,China,WPRO,2984,40235,107,1012
2020-02-11,CN,China,WPRO,2473,42708,100,1112
2020-02-12,CN,China,WPRO,2022,44730,5,1117
2020-02-13,CN,China,WPRO,15152,59882,252,1369
2020-02-14,CN,China,WPRO,4050,63932,152,1521
2020-02-15,CN,China,WPRO,2644,66576,142,1663
2020-02-16,CN,China,WPRO,2008,68584,104,1767
2020-02-17,CN,China,WPRO,2051,70635,98,1865
2020-02-18,CN,China,WPRO,1893,72528,139,2004
2020-02-19,CN,China,WPRO,1750,74278,113,2117
2020-02-20,CN,China,WPRO,397,74675,122,2239
2020-02-21,CN,China,WPRO,893,75568,0,2239
2020-02-22,CN,China,WPRO,825,76393,205,2444
2020-02-23,CN,China,WPRO,649,77042,2,2446
2020-02-24,CN,China,WPRO,220,77262,150,2596
2020-02-25,CN,China,WPRO,517,77779,70,2666
2020-02-26,CN,China,WPRO,411,78190,52,2718
2020-02-27,CN,China,WPRO,440,78630,29,2747
2020-02-28,CN,China,WPRO,329,78959,44,2791
2020-02-29,CN,China,WPRO,430,79389,47,2838
2020-03-01,CN,China,WPRO,579,79968,35,2873
2020-03-02,CN,China,WPRO,206,80174,42,2915
2020-03-03,CN,China,WPRO,128,80302,33,2948
2020-03-04,CN,China,WPRO,120,80422,36,2984
2020-03-05,CN,China,WPRO,143,80565,32,3016
2020-03-06,CN,China,WPRO,145,80710,29,3045
2020-03-07,CN,China,WPRO,103,80813,28,3073
2020-03-08,CN,China,WPRO,46,80859,28,3101
2020-03-09,CN,China,WPRO,45,80904,23,3124
2020-03-10,CN,China,WPRO,20,80924,16,3140
2020-03-11,CN,China,WPRO,31,80955,22,3162
2020-03-12,CN,China,WPRO,25,80980,11,3173
2020-03-13,CN,China,WPRO,11,80991,8,3181
2020-03-14,CN,China,WPRO,30,81021,13,3194
2020-03-15,CN,China,WPRO,27,81048,10,3204
2020-03-16,CN,China,WPRO,29,81077,14,3218
2020-03-17,CN,China,WPRO,40,81117,13,3231
2020-03-18,CN,China,WPRO,34,81151,11,3242
2020-03-19,CN,China,WPRO,86,81237,8,3250
2020-03-20,CN,China,WPRO,63,81300,5,3255
2020-03-21,CN,China,WPRO,116,81416,6,3261
2020-03-22,CN,China,WPRO,82,81498,6,3267
2020-03-23,CN,China,WPRO,103,81601,9,3276
2020-03-24,CN,China,WPRO,146,81747,7,3283
2020-03-25,CN,China,WPRO,101,81848,4,3287
2020-03-26,CN,China,WPRO,113,81961,6,3293
2020-03-27,CN,China,WPRO,117,82078,5,3298
2020-03-28,CN,China,WPRO,135,82213,3,3301
2020-03-29,CN,China,WPRO,128,82341,5,3306
2020-03-30,CN,China,WPRO,106,82447,4,3310
2020-03-31,CN,China,WPRO,98,82545,4,3314
2020-04-01,CN,China,WPRO,86,82631,7,3321
2020-04-02,CN,China,WPRO,93,82724,6,3327
2020-04-03,CN,China,WPRO,78,82802,4,3331
2020-04-04,CN,China,WPRO,73,82875,4,3335
2020-04-05,CN,China,WPRO,55,82930,3,3338
2020-04-06,CN,China,WPRO,75,83005,2,3340
2020-04-07,CN,China,WPRO,67,83072,0,3340
2020-04-08,CN,China,WPRO,85,83157,2,3342
2020-04-09,CN,China,WPRO,92,83249,2,3344
2020-04-10,CN,China,WPRO,56,83305,1,3345
2020-04-11,CN,China,WPRO,64,83369,4,3349
2020-04-12,CN,China,WPRO,113,83482,0,3349
2020-04-13,CN,China,WPRO,115,83597,2,3351
2020-04-14,CN,China,WPRO,99,83696,0,3351
2020-04-15,CN,China,WPRO,49,83745,1,3352
2020-04-16,CN,China,WPRO,52,83797,0,3352
2020-04-17,CN,China,WPRO,27,83824,0,3352
2020-04-18,CN,China,WPRO,356,84180,1290,4642
2020-04-19,CN,China,WPRO,21,84201,0,4642
2020-04-20,CN,China,WPRO,36,84237,0,4642
2020-04-21,CN,China,WPRO,13,84250,0,4642
2020-04-22,CN,China,WPRO,37,84287,0,4642
2020-04-23,CN,China,WPRO,15,84302,0,4642
2020-04-24,CN,China,WPRO,9,84311,0,4642
2020-04-25,CN,China,WPRO,13,84324,0,4642
2020-04-26,CN,China,WPRO,14,84338,0,4642
2020-04-27,CN,China,WPRO,3,84341,1,4643
2020-04-28,CN,China,WPRO,6,84347,0,4643
2020-04-29,CN,China,WPRO,22,84369,0,4643
2020-04-30,CN,China,WPRO,4,84373,0,4643
2020-05-01,CN,China,WPRO,12,84385,0,4643
2020-05-02,CN,China,WPRO,3,84388,0,4643
2020-05-03,CN,China,WPRO,5,84393,0,4643
2020-05-04,CN,China,WPRO,7,84400,0,4643
2020-05-05,CN,China,WPRO,4,84404,0,4643
2020-05-06,CN,China,WPRO,2,84406,0,4643
2020-05-07,CN,China,WPRO,3,84409,0,4643
2020-05-08,CN,China,WPRO,6,84415,0,4643
2020-05-09,CN,China,WPRO,1,84416,0,4643
2020-05-10,CN,China,WPRO,14,84430,0,4643
2020-05-11,CN,China,WPRO,20,84450,0,4643
2020-05-12,CN,China,WPRO,1,84451,1,4644
2020-05-13,CN,China,WPRO,7,84458,0,4644
2020-05-14,CN,China,WPRO,6,84464,0,4644
2020-05-15,CN,China,WPRO,5,84469,0,4644
2020-05-16,CN,China,WPRO,9,84478,0,4644
2020-05-17,CN,China,WPRO,6,84484,1,4645
2020-05-18,CN,China,WPRO,10,84494,0,4645
2020-05-19,CN,China,WPRO,6,84500,0,4645
2020-05-20,CN,China,WPRO,5,84505,0,4645
2020-05-21,CN,China,WPRO,2,84507,0,4645
2020-05-22,CN,China,WPRO,13,84520,0,4645
2020-05-23,CN,China,WPRO,2,84522,0,4645
2020-05-24,CN,China,WPRO,3,84525,0,4645
2020-05-25,CN,China,WPRO,11,84536,0,4645
2020-05-26,CN,China,WPRO,7,84543,0,4645
2020-05-27,CN,China,WPRO,1,84544,0,4645
2020-05-28,CN,China,WPRO,3,84547,0,4645
2020-05-29,CN,China,WPRO,0,84547,0,4645
2020-05-30,CN,China,WPRO,18,84565,0,4645
2020-05-31,CN,China,WPRO,5,84570,0,4645
2020-06-01,CN,China,WPRO,18,84588,0,4645
2020-06-02,CN,China,WPRO,9,84597,0,4645
2020-06-03,CN,China,WPRO,5,84602,0,4645
2020-06-04,CN,China,WPRO,1,84603,0,4645
2020-06-05,CN,China,WPRO,11,84614,0,4645
2020-06-06,CN,China,WPRO,6,84620,0,4645
2020-06-07,CN,China,WPRO,9,84629,0,4645
2020-06-08,CN,China,WPRO,5,84634,0,4645
2020-06-09,CN,China,WPRO,1,84635,0,4645
2020-06-10,CN,China,WPRO,6,84641,0,4645
2020-06-11,CN,China,WPRO,11,84652,0,4645
2020-06-12,CN,China,WPRO,7,84659,0,4645
2020-06-13,CN,China,WPRO,12,84671,0,4645
2020-06-14,CN,China,WPRO,58,84729,0,4645
2020-06-15,CN,China,WPRO,49,84778,0,4645
2020-06-16,CN,China,WPRO,45,84823,0,4645
2020-06-17,CN,China,WPRO,44,84867,0,4645
2020-06-18,CN,China,WPRO,36,84903,0,4645
2020-06-19,CN,China,WPRO,37,84940,0,4645
2020-06-20,CN,China,WPRO,30,84970,0,4645
2020-06-21,CN,China,WPRO,27,84997,1,4646
2020-06-22,CN,China,WPRO,21,85018,0,4646
2020-06-23,CN,China,WPRO,52,85070,0,4646
2020-06-24,CN,China,WPRO,28,85098,1,4647
2020-06-25,CN,China,WPRO,21,85119,0,4647
2020-06-26,CN,China,WPRO,29,85148,1,4648
2020-06-27,CN,China,WPRO,24,85172,0,4648
2020-06-28,CN,China,WPRO,18,85190,0,4648
2020-06-29,CN,China,WPRO,14,85204,0,4648
2020-06-30,CN,China,WPRO,23,85227,0,4648
2020-07-01,CN,China,WPRO,5,85232,0,4648
2020-07-02,CN,China,WPRO,31,85263,0,4648
2020-07-03,CN,China,WPRO,15,85278,0,4648
2020-07-04,CN,China,WPRO,9,85287,0,4648
2020-07-05,CN,China,WPRO,19,85306,0,4648
2020-07-06,CN,China,WPRO,14,85320,0,4648
2020-07-07,CN,China,WPRO,25,85345,0,4648
2020-07-08,CN,China,WPRO,21,85366,0,4648
2020-07-09,CN,China,WPRO,33,85399,0,4648
2020-07-10,CN,China,WPRO,46,85445,0,4648
2020-07-11,CN,China,WPRO,42,85487,0,4648
2020-07-12,CN,China,WPRO,35,85522,0,4648
2020-07-13,CN,China,WPRO,46,85568,0,4648
2020-07-14,CN,China,WPRO,55,85623,1,4649
2020-07-15,CN,China,WPRO,54,85677,0,4649
2020-07-16,CN,China,WPRO,20,85697,2,4651
2020-07-17,CN,China,WPRO,78,85775,0,4651
2020-07-18,CN,China,WPRO,82,85857,1,4652
2020-07-19,CN,China,WPRO,80,85937,1,4653
2020-07-20,CN,China,WPRO,131,86068,0,4653
2020-07-21,CN,China,WPRO,84,86152,0,4653
2020-07-22,CN,China,WPRO,74,86226,2,4655
2020-07-23,CN,China,WPRO,135,86361,0,4655
2020-07-24,CN,China,WPRO,139,86500,1,4656
2020-07-25,CN,China,WPRO,160,86660,1,4657
2020-07-26,CN,China,WPRO,179,86839,2,4659
2020-07-27,CN,China,WPRO,189,87028,0,4659
2020-07-28,CN,China,WPRO,217,87245,4,4663
2020-07-29,CN,China,WPRO,212,87457,1,4664
2020-07-30,CN,China,WPRO,223,87680,1,4665
2020-07-31,CN,China,WPRO,276,87956,1,4666
2020-08-01,CN,China,WPRO,166,88122,2,4668
2020-08-02,CN,China,WPRO,180,88302,6,4674
2020-08-03,CN,China,WPRO,158,88460,3,4677
2020-08-04,CN,China,WPRO,114,88574,1,4678
2020-08-05,CN,China,WPRO,108,88682,5,4683
2020-08-06,CN,China,WPRO,122,88804,1,4684
2020-08-07,CN,China,WPRO,133,88937,3,4687
2020-08-08,CN,China,WPRO,120,89057,1,4688
2020-08-09,CN,China,WPRO,92,89149,0,4688
2020-08-10,CN,China,WPRO,121,89270,5,4693
2020-08-11,CN,China,WPRO,113,89383,3,4696
2020-08-12,CN,China,WPRO,61,89444,3,4699
2020-08-13,CN,China,WPRO,82,89526,5,4704
2020-08-14,CN,China,WPRO,99,89625,3,4707
2020-08-15,CN,China,WPRO,70,89695,1,4708
2020-08-16,CN,China,WPRO,66,89761,2,4710
2020-08-17,CN,China,WPRO,98,89859,0,4710
2020-08-18,CN,China,WPRO,67,89926,0,4710
2020-08-19,CN,China,WPRO,54,89980,2,4712
2020-08-20,CN,China,WPRO,33,90013,1,4713
2020-08-21,CN,China,WPRO,40,90053,3,4716
2020-08-22,CN,China,WPRO,50,90103,0,4716
2020-08-23,CN,China,WPRO,38,90141,1,4717
2020-08-24,CN,China,WPRO,41,90182,1,4718
2020-08-25,CN,China,WPRO,23,90205,0,4718
2020-08-26,CN,China,WPRO,34,90239,1,4719
2020-08-27,CN,China,WPRO,32,90271,1,4720
2020-08-28,CN,China,WPRO,30,90301,2,4722
2020-08-29,CN,China,WPRO,22,90323,3,4725
2020-08-30,CN,China,WPRO,28,90351,3,4728
2020-08-31,CN,China,WPRO,32,90383,1,4729
2020-09-01,CN,China,WPRO,19,90402,1,4730
2020-09-02,CN,China,WPRO,20,90422,1,4731
2020-09-03,CN,China,WPRO,20,90442,3,4734
2020-09-04,CN,China,WPRO,33,90475,1,4735
2020-09-05,CN,China,WPRO,23,90498,0,4735
2020-09-06,CN,China,WPRO,19,90517,0,4735
2020-09-07,CN,China,WPRO,34,90551,2,4737
2020-09-08,CN,China,WPRO,22,90573,2,4739
2020-09-09,CN,China,WPRO,9,90582,1,4740
2020-09-10,CN,China,WPRO,13,90595,0,4740
2020-09-11,CN,China,WPRO,28,90623,0,4740
2020-09-12,CN,China,WPRO,20,90643,0,4740
2020-09-13,CN,China,WPRO,23,90666,1,4741
2020-09-14,CN,China,WPRO,29,90695,0,4741
2020-09-15,CN,China,WPRO,23,90718,1,4742
2020-09-16,CN,China,WPRO,16,90734,1,4743
2020-09-17,CN,China,WPRO,19,90753,0,4743
2020-09-18,CN,China,WPRO,44,90797,0,4743
2020-09-19,CN,China,WPRO,17,90814,1,4744
2020-09-20,CN,China,WPRO,26,90840,0,4744
2020-09-21,CN,China,WPRO,36,90876,0,4744
2020-09-22,CN,China,WPRO,14,90890,0,4744
2020-09-23,CN,China,WPRO,18,90908,0,4744
2020-09-24,CN,China,WPRO,10,90918,1,4745
2020-09-25,CN,China,WPRO,15,90933,0,4745
2020-09-26,CN,China,WPRO,18,90951,1,4746
2020-09-27,CN,China,WPRO,15,90966,0,4746
2020-09-28,CN,China,WPRO,27,90993,0,4746
2020-09-29,CN,China,WPRO,25,91018,0,4746
2020-09-30,CN,China,WPRO,23,91041,0,4746
2020-10-01,CN,China,WPRO,20,91061,0,4746
2020-10-02,CN,China,WPRO,21,91082,0,4746
2020-10-03,CN,China,WPRO,19,91101,0,4746
2020-10-04,CN,China,WPRO,20,91121,0,4746
2020-10-05,CN,China,WPRO,25,91146,0,4746
2020-10-06,CN,China,WPRO,24,91170,0,4746
2020-10-07,CN,China,WPRO,18,91188,0,4746
2020-10-08,CN,China,WPRO,24,91212,0,4746
2020-10-09,CN,China,WPRO,40,91252,0,4746
2020-10-10,CN,China,WPRO,26,91278,0,4746
2020-10-11,CN,China,WPRO,27,91305,0,4746
2020-10-12,CN,China,WPRO,28,91333,0,4746
2020-10-13,CN,China,WPRO,26,91359,0,4746
2020-10-14,CN,China,WPRO,28,91387,0,4746
2020-10-15,CN,China,WPRO,11,91398,0,4746
2020-10-16,CN,China,WPRO,36,91434,0,4746
2020-10-17,CN,China,WPRO,25,91459,0,4746
2020-10-18,CN,China,WPRO,30,91489,0,4746
2020-10-19,CN,China,WPRO,17,91506,0,4746
2020-10-20,CN,China,WPRO,39,91545,0,4746
2020-10-21,CN,China,WPRO,19,91564,0,4746
2020-10-22,CN,China,WPRO,23,91587,0,4746
2020-10-23,CN,China,WPRO,33,91620,0,4746
2020-10-24,CN,China,WPRO,32,91652,0,4746
2020-10-25,CN,China,WPRO,22,91674,0,4746
2020-10-26,CN,China,WPRO,26,91700,0,4746
2020-10-27,CN,China,WPRO,24,91724,0,4746
2020-10-28,CN,China,WPRO,47,91771,0,4746
2020-10-29,CN,China,WPRO,50,91821,0,4746
2020-10-30,CN,China,WPRO,31,91852,0,4746
2020-10-31,CN,China,WPRO,41,91893,0,4746
2020-11-01,CN,China,WPRO,28,91921,0,4746
2020-11-02,CN,China,WPRO,34,91955,0,4746
2020-11-03,CN,China,WPRO,60,92015,0,4746
2020-11-04,CN,China,WPRO,30,92045,0,4746
2020-11-05,CN,China,WPRO,32,92077,1,4747
2020-11-06,CN,China,WPRO,44,92121,1,4748
2020-11-07,CN,China,WPRO,43,92164,0,4748
2020-11-08,CN,China,WPRO,31,92195,0,4748
2020-11-09,CN,China,WPRO,47,92242,0,4748
2020-11-10,CN,China,WPRO,29,92271,0,4748
2020-11-11,CN,China,WPRO,28,92299,1,4749
2020-11-12,CN,China,WPRO,37,92336,0,4749
2020-11-13,CN,China,WPRO,36,92372,0,4749
2020-11-14,CN,China,WPRO,32,92404,0,4749
2020-11-15,CN,China,WPRO,24,92428,0,4749
2020-11-16,CN,China,WPRO,24,92452,0,4749
2020-11-17,CN,China,WPRO,24,92476,0,4749
2020-11-18,CN,China,WPRO,14,92490,0,4749
2020-11-19,CN,China,WPRO,23,92513,0,4749
2020-11-20,CN,China,WPRO,31,92544,0,4749
2020-11-21,CN,China,WPRO,44,92588,0,4749
2020-11-22,CN,China,WPRO,60,92648,0,4749
2020-11-23,CN,China,WPRO,85,92733,0,4749
2020-11-24,CN,China,WPRO,96,92829,0,4749
2020-11-25,CN,China,WPRO,85,92914,0,4749
2020-11-26,CN,China,WPRO,111,93025,0,4749
2020-11-27,CN,China,WPRO,88,93113,0,4749
2020-11-28,CN,China,WPRO,112,93225,0,4749
2020-11-29,CN,China,WPRO,104,93329,1,4750
2020-11-30,CN,China,WPRO,136,93465,0,4750
2020-12-01,CN,China,WPRO,112,93577,0,4750
2020-12-02,CN,China,WPRO,91,93668,0,4750
2020-12-03,CN,China,WPRO,129,93797,1,4751
2020-12-04,CN,China,WPRO,108,93905,1,4752
2020-12-05,CN,China,WPRO,133,94038,1,4753
2020-12-06,CN,China,WPRO,122,94160,0,4753
2020-12-07,CN,China,WPRO,133,94293,0,4753
2020-12-08,CN,China,WPRO,90,94383,0,4753
2020-12-09,CN,China,WPRO,117,94500,0,4753
2020-12-10,CN,China,WPRO,118,94618,2,4755
2020-12-11,CN,China,WPRO,131,94749,0,4755
2020-12-12,CN,China,WPRO,100,94849,0,4755
2020-12-13,CN,China,WPRO,101,94950,1,4756
2020-12-14,CN,China,WPRO,114,95064,2,4758
2020-12-15,CN,China,WPRO,103,95167,3,4761
2020-12-16,CN,China,WPRO,112,95279,3,4764
2020-12-17,CN,China,WPRO,96,95375,0,4764
2020-12-18,CN,China,WPRO,116,95491,2,4766
2020-12-19,CN,China,WPRO,89,95580,4,4770
2020-12-20,CN,China,WPRO,136,95716,0,4770
2020-12-21,CN,China,WPRO,100,95816,1,4771
2020-12-22,CN,China,WPRO,100,95916,1,4772
2020-12-23,CN,China,WPRO,82,95998,1,4773
2020-12-24,CN,China,WPRO,76,96074,1,4774
2020-12-25,CN,China,WPRO,85,96159,2,4776
2020-12-26,CN,China,WPRO,81,96240,1,4777
2020-12-27,CN,China,WPRO,84,96324,0,4777
2020-12-28,CN,China,WPRO,93,96417,1,4778
2020-12-29,CN,China,WPRO,96,96513,4,4782
2020-12-30,CN,China,WPRO,79,96592,2,4784
2020-12-31,CN,China,WPRO,81,96673,4,4788
2021-01-01,CN,China,WPRO,89,96762,1,4789
2021-01-02,CN,China,WPRO,67,96829,1,4790
2021-01-03,CN,China,WPRO,65,96894,1,4791
2021-01-04,CN,China,WPRO,78,96972,0,4791
2021-01-05,CN,China,WPRO,89,97061,3,4794
2021-01-06,CN,China,WPRO,66,97127,0,4794
2021-01-07,CN,China,WPRO,90,97217,1,4795
2021-01-08,CN,China,WPRO,89,97306,0,4795
2021-01-09,CN,China,WPRO,81,97387,1,4796
2021-01-10,CN,China,WPRO,131,97518,2,4798
2021-01-11,CN,China,WPRO,134,97652,1,4799
2021-01-12,CN,China,WPRO,102,97754,1,4800
2021-01-13,CN,China,WPRO,179,97933,1,4801
2021-01-14,CN,China,WPRO,184,98117,2,4803
2021-01-15,CN,China,WPRO,173,98290,0,4803
2021-01-16,CN,China,WPRO,169,98459,0,4803
2021-01-17,CN,China,WPRO,166,98625,1,4804
2021-01-18,CN,China,WPRO,169,98794,0,4804
2021-01-19,CN,China,WPRO,232,99026,1,4805
2021-01-20,CN,China,WPRO,165,99191,2,4807
2021-01-21,CN,China,WPRO,223,99414,1,4808
2021-01-22,CN,China,WPRO,175,99589,1,4809
2021-01-23,CN,China,WPRO,178,99767,1,4810
2021-01-24,CN,China,WPRO,164,99931,0,4810
2021-01-25,CN,China,WPRO,205,100136,1,4811
2021-01-26,CN,China,WPRO,155,100291,3,4814
2021-01-27,CN,China,WPRO,140,100431,2,4816
2021-01-28,CN,China,WPRO,117,100548,2,4818
2021-01-29,CN,China,WPRO,93,100641,2,4820
2021-01-30,CN,China,WPRO,106,100747,1,4821
2021-01-31,CN,China,WPRO,130,100877,2,4823
2021-02-01,CN,China,WPRO,97,100974,2,4825
2021-02-02,CN,China,WPRO,65,101039,1,4826
2021-02-03,CN,China,WPRO,53,101092,2,4828
2021-02-04,CN,China,WPRO,51,101143,1,4829
2021-02-05,CN,China,WPRO,44,101187,2,4831
2021-02-06,CN,China,WPRO,54,101241,0,4831
2021-02-07,CN,China,WPRO,31,101272,0,4831
2021-02-08,CN,China,WPRO,44,101316,0,4831
2021-02-09,CN,China,WPRO,47,101363,0,4831
2021-02-10,CN,China,WPRO,45,101408,2,4833
2021-02-11,CN,China,WPRO,21,101429,1,4834
2021-02-12,CN,China,WPRO,34,101463,2,4836
2021-02-13,CN,China,WPRO,33,101496,1,4837
2021-02-14,CN,China,WPRO,19,101515,1,4838
2021-02-15,CN,China,WPRO,21,101536,0,4838
2021-02-16,CN,China,WPRO,25,101561,0,4838
2021-02-17,CN,China,WPRO,15,101576,2,4840
2021-02-18,CN,China,WPRO,28,101604,2,4842
2021-02-19,CN,China,WPRO,20,101624,0,4842
2021-02-20,CN,China,WPRO,22,101646,0,4842
2021-02-21,CN,China,WPRO,23,101669,0,4842
2021-02-22,CN,China,WPRO,31,101700,0,4842
2021-02-23,CN,China,WPRO,26,101726,0,4842
2021-02-24,CN,China,WPRO,24,101750,0,4842
2021-02-25,CN,China,WPRO,28,101778,1,4843
2021-02-26,CN,China,WPRO,24,101802,0,4843
2021-02-27,CN,China,WPRO,34,101836,0,4843
2021-02-28,CN,China,WPRO,42,101878,0,4843
2021-03-01,CN,China,WPRO,42,101920,1,4844
2021-03-02,CN,China,WPRO,25,101945,1,4845
2021-03-03,CN,China,WPRO,23,101968,0,4845
2021-03-04,CN,China,WPRO,27,101995,0,4845
2021-03-05,CN,China,WPRO,20,102015,1,4846
2021-03-06,CN,China,WPRO,21,102036,0,4846
2021-03-07,CN,China,WPRO,28,102064,2,4848
2021-03-08,CN,China,WPRO,37,102101,0,4848
2021-03-09,CN,China,WPRO,24,102125,0,4848
2021-03-10,CN,China,WPRO,27,102152,0,4848
2021-03-11,CN,China,WPRO,20,102172,1,4849
2021-03-12,CN,China,WPRO,31,102203,0,4849
2021-03-13,CN,China,WPRO,73,102276,0,4849
2021-03-14,CN,China,WPRO,57,102333,0,4849
2021-03-15,CN,China,WPRO,30,102363,0,4849
2021-03-16,CN,China,WPRO,48,102411,0,4849
2021-03-17,CN,China,WPRO,22,102433,0,4849
2021-03-18,CN,China,WPRO,17,102450,0,4849
2021-03-19,CN,China,WPRO,29,102479,0,4849
2021-03-20,CN,China,WPRO,23,102502,0,4849
2021-03-21,CN,China,WPRO,21,102523,0,4849
2021-03-22,CN,China,WPRO,16,102539,0,4849
2021-03-23,CN,China,WPRO,27,102566,0,4849
2021-03-24,CN,China,WPRO,23,102589,1,4850
2021-03-25,CN,China,WPRO,23,102612,0,4850
2021-03-26,CN,China,WPRO,23,102635,0,4850
2021-03-27,CN,China,WPRO,24,102659,1,4851
2021-03-28,CN,China,WPRO,21,102680,0,4851
2021-03-29,CN,China,WPRO,18,102698,0,4851
2021-03-30,CN,China,WPRO,17,102715,0,4851
2021-03-31,CN,China,WPRO,19,102734,0,4851
2021-04-01,CN,China,WPRO,28,102762,0,4851
2021-04-02,CN,China,WPRO,28,102790,0,4851
2021-04-03,CN,China,WPRO,48,102838,0,4851
2021-04-04,CN,China,WPRO,29,102867,0,4851
2021-04-05,CN,China,WPRO,41,102908,0,4851
2021-04-06,CN,China,WPRO,41,102949,0,4851
2021-04-07,CN,China,WPRO,21,102970,0,4851
2021-04-08,CN,China,WPRO,33,103003,0,4851
2021-04-09,CN,China,WPRO,31,103034,0,4851
2021-04-10,CN,China,WPRO,32,103066,2,4853
2021-04-11,CN,China,WPRO,17,103083,0,4853
2021-04-12,CN,China,WPRO,30,103113,1,4854
2021-04-13,CN,China,WPRO,23,103136,0,4854
2021-04-14,CN,China,WPRO,29,103165,1,4855
2021-04-15,CN,China,WPRO,20,103185,1,4856
2021-04-16,CN,China,WPRO,18,103203,0,4856
2021-04-17,CN,China,WPRO,34,103237,0,4856
2021-04-18,CN,China,WPRO,36,103273,0,4856
2021-04-19,CN,China,WPRO,42,103315,0,4856
2021-04-20,CN,China,WPRO,25,103340,0,4856
2021-04-21,CN,China,WPRO,31,103371,0,4856
2021-04-22,CN,China,WPRO,11,103382,0,4856
2021-04-23,CN,China,WPRO,37,103419,0,4856
2021-04-24,CN,China,WPRO,22,103441,0,4856
2021-04-25,CN,China,WPRO,23,103464,0,4856
2021-04-26,CN,China,WPRO,20,103484,1,4857
2021-04-27,CN,China,WPRO,19,103503,0,4857
2021-04-28,CN,China,WPRO,26,103529,0,4857
2021-04-29,CN,China,WPRO,33,103562,0,4857
2021-04-30,CN,China,WPRO,33,103595,0,4857
2021-05-01,CN,China,WPRO,27,103622,0,4857
2021-05-02,CN,China,WPRO,27,103649,1,4858
2021-05-03,CN,China,WPRO,18,103667,0,4858
2021-05-04,CN,China,WPRO,27,103694,0,4858
2021-05-05,CN,China,WPRO,19,103713,0,4858
2021-05-06,CN,China,WPRO,18,103731,0,4858
2021-05-07,CN,China,WPRO,28,103759,0,4858
2021-05-08,CN,China,WPRO,14,103773,0,4858
2021-05-09,CN,China,WPRO,22,103795,0,4858
2021-05-10,CN,China,WPRO,13,103808,0,4858
2021-05-11,CN,China,WPRO,33,103841,0,4858
2021-05-12,CN,China,WPRO,28,103869,0,4858
2021-05-13,CN,China,WPRO,32,103901,0,4858
2021-05-14,CN,China,WPRO,35,103936,0,4858
2021-05-15,CN,China,WPRO,49,103985,0,4858
2021-05-16,CN,China,WPRO,206,104191,0,4858
2021-05-17,CN,China,WPRO,234,104425,0,4858
2021-05-18,CN,China,WPRO,357,104782,0,4858
2021-05-19,CN,China,WPRO,258,105040,2,4860
2021-05-20,CN,China,WPRO,286,105326,0,4860
2021-05-21,CN,China,WPRO,319,105645,1,4861
2021-05-22,CN,China,WPRO,326,105971,0,4861
2021-05-23,CN,China,WPRO,742,106713,2,4863
2021-05-24,CN,China,WPRO,474,107187,6,4869
2021-05-25,CN,China,WPRO,611,107798,6,4875
2021-05-26,CN,China,WPRO,558,108356,6,4881
2021-05-27,CN,China,WPRO,654,109010,11,4892
2021-05-28,CN,China,WPRO,678,109688,13,4905
2021-05-29,CN,China,WPRO,572,110260,19,4924
2021-05-30,CN,China,WPRO,504,110764,21,4945
2021-05-31,CN,China,WPRO,382,111146,10,4955
2021-06-01,CN,China,WPRO,377,111523,15,4970
2021-06-02,CN,China,WPRO,361,111884,13,4983
2021-06-03,CN,China,WPRO,573,112457,12,4995
2021-06-04,CN,China,WPRO,609,113066,17,5012
2021-06-05,CN,China,WPRO,498,113564,21,5033
2021-06-06,CN,China,WPRO,541,114105,37,5070
2021-06-07,CN,China,WPRO,562,114667,36,5106
2021-06-08,CN,China,WPRO,24,114691,26,5132
2021-06-09,CN,China,WPRO,237,114928,22,5154
2021-06-10,CN,China,WPRO,289,115217,25,5179
2021-06-11,CN,China,WPRO,281,115498,28,5207
2021-06-12,CN,China,WPRO,317,115815,24,5231
2021-06-13,CN,China,WPRO,288,116103,26,5257
2021-06-14,CN,China,WPRO,198,116301,26,5283
2021-06-15,CN,China,WPRO,206,116507,15,5298
2021-06-16,CN,China,WPRO,156,116663,8,5306
2021-06-17,CN,China,WPRO,190,116853,18,5324
2021-06-18,CN,China,WPRO,197,117050,19,5343
2021-06-19,CN,China,WPRO,219,117269,21,5364
2021-06-20,CN,China,WPRO,152,117421,20,5384
2021-06-21,CN,China,WPRO,127,117548,11,5395
2021-06-22,CN,China,WPRO,101,117649,20,5415
2021-06-23,CN,China,WPRO,109,117758,6,5421
2021-06-24,CN,China,WPRO,121,117879,24,5445
2021-06-25,CN,China,WPRO,161,118040,6,5451
2021-06-26,CN,China,WPRO,105,118145,5,5456
2021-06-27,CN,China,WPRO,96,118241,13,5469
2021-06-28,CN,China,WPRO,117,118358,9,5478
2021-06-29,CN,China,WPRO,81,118439,3,5481
2021-06-30,CN,China,WPRO,64,118503,9,5490
2021-07-01,CN,China,WPRO,69,118572,5,5495
2021-07-02,CN,China,WPRO,72,118644,13,5508
2021-07-03,CN,China,WPRO,92,118736,15,5523
2021-07-04,CN,China,WPRO,96,118832,10,5533
2021-07-05,CN,China,WPRO,64,118896,2,5535
2021-07-06,CN,China,WPRO,53,118949,2,5537
2021-07-07,CN,China,WPRO,87,119036,17,5554
2021-07-08,CN,China,WPRO,58,119094,9,5563
2021-07-09,CN,China,WPRO,47,119141,3,5566
2021-07-10,CN,China,WPRO,63,119204,12,5578
2021-07-11,CN,China,WPRO,58,119262,6,5584
2021-07-12,CN,China,WPRO,59,119321,4,5588
2021-07-13,CN,China,WPRO,53,119374,1,5589
2021-07-14,CN,China,WPRO,53,119427,6,5595
2021-07-15,CN,China,WPRO,58,119485,6,5601
2021-07-16,CN,China,WPRO,54,119539,6,5607
2021-07-17,CN,China,WPRO,63,119602,4,5611
2021-07-18,CN,China,WPRO,45,119647,1,5612
2021-07-19,CN,China,WPRO,51,119698,4,5616
2021-07-20,CN,China,WPRO,86,119784,1,5617
2021-07-21,CN,China,WPRO,53,119837,4,5621
2021-07-22,CN,China,WPRO,81,119918,5,5626
2021-07-23,CN,China,WPRO,82,120000,4,5630
2021-07-24,CN,China,WPRO,61,120061,2,5632
2021-07-25,CN,China,WPRO,59,120120,2,5634
2021-07-26,CN,China,WPRO,93,120213,0,5634
2021-07-27,CN,China,WPRO,82,120295,0,5634
2021-07-28,CN,China,WPRO,104,120399,1,5635
2021-07-29,CN,China,WPRO,70,120469,0,5635
2021-07-30,CN,China,WPRO,84,120553,0,5635
2021-07-31,CN,China,WPRO,82,120635,0,5635
2021-08-01,CN,China,WPRO,87,120722,0,5635
2021-08-02,CN,China,WPRO,115,120837,2,5637
2021-08-03,CN,China,WPRO,107,120944,0,5637
2021-08-04,CN,China,WPRO,123,121067,2,5639
2021-08-05,CN,China,WPRO,108,121175,0,5639
2021-08-06,CN,China,WPRO,141,121316,0,5639
2021-08-07,CN,China,WPRO,121,121437,3,5642
2021-08-08,CN,China,WPRO,113,121550,12,5654
2021-08-09,CN,China,WPRO,134,121684,3,5657
2021-08-10,CN,China,WPRO,153,121837,4,5661
2021-08-11,CN,China,WPRO,123,121960,1,5662
2021-08-12,CN,China,WPRO,98,122058,2,5664
2021-08-13,CN,China,WPRO,110,122168,1,5665
2021-08-14,CN,China,WPRO,87,122255,2,5667
2021-08-15,CN,China,WPRO,62,122317,2,5669
2021-08-16,CN,China,WPRO,61,122378,0,5669
2021-08-17,CN,China,WPRO,55,122433,0,5669
2021-08-18,CN,China,WPRO,49,122482,0,5669
2021-08-19,CN,China,WPRO,60,122542,0,5669
2021-08-20,CN,China,WPRO,44,122586,5,5674
2021-08-21,CN,China,WPRO,31,122617,1,5675
2021-08-22,CN,China,WPRO,45,122662,1,5676
2021-08-23,CN,China,WPRO,36,122698,0,5676
2021-08-24,CN,China,WPRO,46,122744,0,5676
2021-08-25,CN,China,WPRO,33,122777,1,5677
2021-08-26,CN,China,WPRO,32,122809,1,5678
2021-08-27,CN,China,WPRO,43,122852,2,5680
2021-08-28,CN,China,WPRO,45,122897,1,5681
2021-08-29,CN,China,WPRO,45,122942,0,5681
2021-08-30,CN,China,WPRO,53,122995,1,5682
2021-08-31,CN,China,WPRO,48,123043,0,5682
2021-09-01,CN,China,WPRO,25,123068,1,5683
2021-09-02,CN,China,WPRO,35,123103,1,5684
2021-09-03,CN,China,WPRO,28,123131,1,5685
2021-09-04,CN,China,WPRO,38,123169,0,5685
2021-09-05,CN,China,WPRO,30,123199,0,5685
2021-09-06,CN,China,WPRO,32,123231,0,5685
2021-09-07,CN,China,WPRO,54,123285,0,5685
2021-09-08,CN,China,WPRO,37,123322,0,5685
2021-09-09,CN,China,WPRO,39,123361,0,5685
2021-09-10,CN,China,WPRO,25,123386,1,5686
2021-09-11,CN,China,WPRO,37,123423,1,5687
2021-09-12,CN,China,WPRO,55,123478,0,5687
2021-09-13,CN,China,WPRO,66,123544,0,5687
2021-09-14,CN,China,WPRO,98,123642,1,5688
2021-09-15,CN,China,WPRO,80,123722,0,5688
2021-09-16,CN,China,WPRO,86,123808,0,5688
2020-01-03,FR,France,EURO,0,0,0,0
2020-01-04,FR,France,EURO,0,0,0,0
2020-01-05,FR,France,EURO,0,0,0,0
2020-01-06,FR,France,EURO,0,0,0,0
2020-01-07,FR,France,EURO,0,0,0,0
2020-01-08,FR,France,EURO,0,0,0,0
2020-01-09,FR,France,EURO,0,0,0,0
2020-01-10,FR,France,EURO,0,0,0,0
2020-01-11,FR,France,EURO,0,0,0,0
2020-01-12,FR,France,EURO,0,0,0,0
2020-01-13,FR,France,EURO,0,0,0,0
2020-01-14,FR,France,EURO,0,0,0,0
2020-01-15,FR,France,EURO,0,0,0,0
2020-01-16,FR,France,EURO,0,0,0,0
2020-01-17,FR,France,EURO,0,0,0,0
2020-01-18,FR,France,EURO,0,0,0,0
2020-01-19,FR,France,EURO,0,0,0,0
2020-01-20,FR,France,EURO,0,0,0,0
2020-01-21,FR,France,EURO,0,0,0,0
2020-01-22,FR,France,EURO,0,0,0,0
2020-01-23,FR,France,EURO,0,0,0,0
2020-01-24,FR,France,EURO,3,3,0,0
2020-01-25,FR,France,EURO,0,3,0,0
2020-01-26,FR,France,EURO,0,3,0,0
2020-01-27,FR,France,EURO,0,3,0,0
2020-01-28,FR,France,EURO,0,3,0,0
2020-01-29,FR,France,EURO,1,4,0,0
2020-01-30,FR,France,EURO,1,5,0,0
2020-01-31,FR,France,EURO,1,6,0,0
2020-02-01,FR,France,EURO,0,6,0,0
2020-02-02,FR,France,EURO,0,6,0,0
2020-02-03,FR,France,EURO,0,6,0,0
2020-02-04,FR,France,EURO,0,6,0,0
2020-02-05,FR,France,EURO,0,6,0,0
2020-02-06,FR,France,EURO,0,6,0,0
2020-02-07,FR,France,EURO,0,6,0,0
2020-02-08,FR,France,EURO,5,11,0,0
2020-02-09,FR,France,EURO,0,11,0,0
2020-02-10,FR,France,EURO,0,11,0,0
2020-02-11,FR,France,EURO,0,11,0,0
2020-02-12,FR,France,EURO,0,11,0,0
2020-02-13,FR,France,EURO,0,11,0,0
2020-02-14,FR,France,EURO,0,11,0,0
2020-02-15,FR,France,EURO,0,11,1,1
2020-02-16,FR,France,EURO,0,11,0,1
2020-02-17,FR,France,EURO,1,12,0,1
2020-02-18,FR,France,EURO,0,12,0,1
2020-02-19,FR,France,EURO,0,12,0,1
2020-02-20,FR,France,EURO,0,12,0,1
2020-02-21,FR,France,EURO,0,12,0,1
2020-02-22,FR,France,EURO,0,12,0,1
2020-02-23,FR,France,EURO,0,12,0,1
2020-02-24,FR,France,EURO,0,12,0,1
2020-02-25,FR,France,EURO,0,12,0,1
2020-02-26,FR,France,EURO,2,14,0,1
2020-02-27,FR,France,EURO,3,17,1,2
2020-02-28,FR,France,EURO,21,38,0,2
2020-02-29,FR,France,EURO,19,57,0,2
2020-03-01,FR,France,EURO,43,100,0,2
2020-03-02,FR,France,EURO,23,123,0,2
2020-03-03,FR,France,EURO,48,171,1,3
2020-03-04,FR,France,EURO,34,205,1,4
2020-03-05,FR,France,EURO,73,278,0,4
2020-03-06,FR,France,EURO,138,416,3,7
2020-03-07,FR,France,EURO,179,595,2,9
2020-03-08,FR,France,EURO,103,698,1,10
2020-03-09,FR,France,EURO,410,1108,9,19
2020-03-10,FR,France,EURO,286,1394,11,30
2020-03-11,FR,France,EURO,371,1765,3,33
2020-03-12,FR,France,EURO,497,2262,15,48
2020-03-13,FR,France,EURO,586,2848,13,61
2020-03-14,FR,France,EURO,770,3618,18,79
2020-03-15,FR,France,EURO,818,4436,12,91
2020-03-16,FR,France,EURO,923,5359,36,127
2020-03-17,FR,France,EURO,1198,6557,21,148
2020-03-18,FR,France,EURO,1070,7627,27,175
2020-03-19,FR,France,EURO,1377,9004,69,244
2020-03-20,FR,France,EURO,1846,10850,128,372
2020-03-21,FR,France,EURO,1595,12445,78,450
2020-03-22,FR,France,EURO,1847,14292,112,562
2020-03-23,FR,France,EURO,1529,15821,112,674
2020-03-24,FR,France,EURO,3794,19615,186,860
2020-03-25,FR,France,EURO,2410,22025,240,1100
2020-03-26,FR,France,EURO,2895,24920,230,1330
2020-03-27,FR,France,EURO,3866,28786,365,1695
2020-03-28,FR,France,EURO,3748,32534,297,1992
2020-03-29,FR,France,EURO,4611,37145,319,2311
2020-03-30,FR,France,EURO,2491,39636,291,2602
2020-03-31,FR,France,EURO,4341,43977,415,3017
2020-04-01,FR,France,EURO,7500,51477,497,3514
2020-04-02,FR,France,EURO,4784,56261,505,4019
2020-04-03,FR,France,EURO,2066,58327,471,4490
2020-04-04,FR,France,EURO,5209,63536,2003,6493
2020-04-05,FR,France,EURO,4221,67757,1053,7546
2020-04-06,FR,France,EURO,1850,69607,518,8064
2020-04-07,FR,France,EURO,3881,73488,832,8896
2020-04-08,FR,France,EURO,3737,77225,1417,10313
2020-04-09,FR,France,EURO,3869,81094,540,10853
2020-04-10,FR,France,EURO,4256,85350,1339,12192
2020-04-11,FR,France,EURO,4333,89683,987,13179
2020-04-12,FR,France,EURO,3104,92787,635,13814
2020-04-13,FR,France,EURO,1595,94382,560,14374
2020-04-14,FR,France,EURO,2669,97051,572,14946
2020-04-15,FR,France,EURO,5483,102534,762,15708
2020-04-16,FR,France,EURO,2621,105155,1438,17146
2020-04-17,FR,France,EURO,2623,107778,753,17899
2020-04-18,FR,France,EURO,385,108163,760,18659
2020-04-19,FR,France,EURO,2558,110721,636,19295
2020-04-20,FR,France,EURO,742,111463,395,19690
2020-04-21,FR,France,EURO,2050,113513,544,20234
2020-04-22,FR,France,EURO,2638,116151,531,20765
2020-04-23,FR,France,EURO,1810,117961,544,21309
2020-04-24,FR,France,EURO,1623,119584,516,21825
2020-04-25,FR,France,EURO,1755,121339,389,22214
2020-04-26,FR,France,EURO,1537,122876,368,22582
2020-04-27,FR,France,EURO,404,123280,242,22824
2020-04-28,FR,France,EURO,1160,124440,437,23261
2020-04-29,FR,France,EURO,1025,125465,366,23627
2020-04-30,FR,France,EURO,1601,127066,427,24054
2020-05-01,FR,France,EURO,1055,128121,288,24342
2020-05-02,FR,France,EURO,601,128722,218,24560
2020-05-03,FR,France,EURO,736,129458,164,24724
2020-05-04,FR,France,EURO,250,129708,135,24859
2020-05-05,FR,France,EURO,534,130242,306,25165
2020-05-06,FR,France,EURO,1050,131292,326,25491
2020-05-07,FR,France,EURO,4176,135468,278,25769
2020-05-08,FR,France,EURO,512,135980,177,25946
2020-05-09,FR,France,EURO,598,136578,242,26188
2020-05-10,FR,France,EURO,430,137008,80,26268
2020-05-11,FR,France,EURO,65,137073,70,26338
2020-05-12,FR,France,EURO,863,137936,262,26600
2020-05-13,FR,France,EURO,977,138913,348,26948
2020-05-14,FR,France,EURO,985,139898,81,27029
2020-05-15,FR,France,EURO,213,140111,349,27378
2020-05-16,FR,France,EURO,73,140184,130,27508
2020-05-17,FR,France,EURO,1110,141294,88,27596
2020-05-18,FR,France,EURO,963,142257,66,27662
2020-05-19,FR,France,EURO,1027,143284,186,27848
2020-05-20,FR,France,EURO,131,143415,124,27972
2020-05-21,FR,France,EURO,761,144176,109,28081
2020-05-22,FR,France,EURO,226,144402,83,28164
2020-05-23,FR,France,EURO,101,144503,74,28238
2020-05-24,FR,France,EURO,692,145195,43,28281
2020-05-25,FR,France,EURO,689,145884,34,28315
2020-05-26,FR,France,EURO,649,146533,64,28379
2020-05-27,FR,France,EURO,587,147120,98,28477
2020-05-28,FR,France,EURO,552,147672,66,28543
2020-05-29,FR,France,EURO,316,147988,65,28608
2020-05-30,FR,France,EURO,126,148114,52,28660
2020-05-31,FR,France,EURO,122,148236,57,28717
2020-06-01,FR,France,EURO,554,148790,29,28746
2020-06-02,FR,France,EURO,572,149362,30,28776
2020-06-03,FR,France,EURO,548,149910,107,28883
2020-06-04,FR,France,EURO,536,150446,81,28964
2020-06-05,FR,France,EURO,207,150653,43,29007
2020-06-06,FR,France,EURO,81,150734,46,29053
2020-06-07,FR,France,EURO,507,151241,31,29084
2020-06-08,FR,France,EURO,524,151765,13,29097
2020-06-09,FR,France,EURO,449,152214,52,29149
2020-06-10,FR,France,EURO,556,152770,85,29234
2020-06-11,FR,France,EURO,485,153255,23,29257
2020-06-12,FR,France,EURO,130,153385,27,29284
2020-06-13,FR,France,EURO,133,153518,28,29312
2020-06-14,FR,France,EURO,205,153723,23,29335
2020-06-15,FR,France,EURO,470,154193,8,29343
2020-06-16,FR,France,EURO,647,154840,30,29373
2020-06-17,FR,France,EURO,460,155300,108,29481
2020-06-18,FR,France,EURO,552,155852,28,29509
2020-06-19,FR,France,EURO,85,155937,28,29537
2020-06-20,FR,France,EURO,113,156050,14,29551
2020-06-21,FR,France,EURO,155,156205,14,29565
2020-06-22,FR,France,EURO,381,156586,6,29571
2020-06-23,FR,France,EURO,624,157210,20,29591
2020-06-24,FR,France,EURO,357,157567,57,29648
2020-06-25,FR,France,EURO,329,157896,7,29655
2020-06-26,FR,France,EURO,83,157979,20,29675
2020-06-27,FR,France,EURO,214,158193,25,29700
2020-06-28,FR,France,EURO,197,158390,0,29700
2020-06-29,FR,France,EURO,729,159119,0,29700
2020-06-30,FR,France,EURO,255,159374,30,29730
2020-07-01,FR,France,EURO,357,159731,30,29760
2020-07-02,FR,France,EURO,442,160173,17,29777
2020-07-03,FR,France,EURO,173,160346,14,29791
2020-07-04,FR,France,EURO,103,160449,17,29808
2020-07-05,FR,France,EURO,171,160620,0,29808
2020-07-06,FR,France,EURO,561,161181,0,29808
2020-07-07,FR,France,EURO,549,161730,23,29831
2020-07-08,FR,France,EURO,574,162304,11,29842
2020-07-09,FR,France,EURO,563,162867,31,29873
2020-07-10,FR,France,EURO,240,163107,13,29886
2020-07-11,FR,France,EURO,117,163224,24,29910
2020-07-12,FR,France,EURO,457,163681,0,29910
2020-07-13,FR,France,EURO,168,163849,0,29910
2020-07-14,FR,France,EURO,621,164470,18,29928
2020-07-15,FR,France,EURO,917,165387,0,29928
2020-07-16,FR,France,EURO,867,166254,87,30015
2020-07-17,FR,France,EURO,304,166558,17,30032
2020-07-18,FR,France,EURO,53,166611,14,30046
2020-07-19,FR,France,EURO,887,167498,0,30046
2020-07-20,FR,France,EURO,1096,168594,0,30046
2020-07-21,FR,France,EURO,1054,169648,8,30054
2020-07-22,FR,France,EURO,1022,170670,0,30054
2020-07-23,FR,France,EURO,1225,171895,6,30060
2020-07-24,FR,France,EURO,400,172295,9,30069
2020-07-25,FR,France,EURO,65,172360,9,30078
2020-07-26,FR,France,EURO,1341,173701,0,30078
2020-07-27,FR,France,EURO,1366,175067,0,30078
2020-07-28,FR,France,EURO,1269,176336,15,30093
2020-07-29,FR,France,EURO,1496,177832,12,30105
2020-07-30,FR,France,EURO,1506,179338,15,30120
2020-07-31,FR,France,EURO,656,179994,16,30136
2020-08-01,FR,France,EURO,176,180170,11,30147
2020-08-02,FR,France,EURO,1938,182108,0,30147
2020-08-03,FR,France,EURO,2008,184116,0,30147
2020-08-04,FR,France,EURO,1824,185940,28,30175
2020-08-05,FR,France,EURO,2091,188031,1,30176
2020-08-06,FR,France,EURO,2223,190254,6,30182
2020-08-07,FR,France,EURO,921,191175,7,30189
2020-08-08,FR,France,EURO,334,191509,12,30201
2020-08-09,FR,France,EURO,2698,194207,0,30201
2020-08-10,FR,France,EURO,2657,196864,0,30201
2020-08-11,FR,France,EURO,2832,199696,13,30214
2020-08-12,FR,France,EURO,3442,203138,13,30227
2020-08-13,FR,France,EURO,3784,206922,16,30243
2020-08-14,FR,France,EURO,616,207538,16,30259
2020-08-15,FR,France,EURO,510,208048,16,30275
2020-08-16,FR,France,EURO,4951,212999,2,30277
2020-08-17,FR,France,EURO,4671,217670,1,30278
2020-08-18,FR,France,EURO,4673,222343,18,30296
2020-08-19,FR,France,EURO,5062,227405,22,30318
2020-08-20,FR,France,EURO,5035,232440,16,30334
2020-08-21,FR,France,EURO,2155,234595,12,30346
2020-08-22,FR,France,EURO,820,235415,22,30368
2020-08-23,FR,France,EURO,6485,241900,8,30376
2020-08-24,FR,France,EURO,6705,248605,1,30377
2020-08-25,FR,France,EURO,6565,255170,18,30395
2020-08-26,FR,France,EURO,7331,262501,16,30411
2020-08-27,FR,France,EURO,7185,269686,0,30411
2020-08-28,FR,France,EURO,2874,272560,29,30440
2020-08-29,FR,France,EURO,1197,273757,20,30460
2020-08-30,FR,France,EURO,9349,283106,5,30465
2020-08-31,FR,France,EURO,8572,291678,2,30467
2020-09-01,FR,France,EURO,8987,300665,27,30494
2020-09-02,FR,France,EURO,9539,310204,23,30517
2020-09-03,FR,France,EURO,9818,320022,22,30539
2020-09-04,FR,France,EURO,3693,323715,0,30539
2020-09-05,FR,France,EURO,1355,325070,0,30539
2020-09-06,FR,France,EURO,12099,337169,7,30546
2020-09-07,FR,France,EURO,11553,348722,1,30547
2020-09-08,FR,France,EURO,11245,359967,25,30572
2020-09-09,FR,France,EURO,11028,370995,35,30607
2020-09-10,FR,France,EURO,11002,381997,29,30636
2020-09-11,FR,France,EURO,4338,386335,18,30654
2020-09-12,FR,France,EURO,1422,387757,80,30734
2020-09-13,FR,France,EURO,13816,401573,15,30749
2020-09-14,FR,France,EURO,13447,415020,6,30755
2020-09-15,FR,France,EURO,13185,428205,34,30789
2020-09-16,FR,France,EURO,13600,441805,48,30837
2020-09-17,FR,France,EURO,12639,454444,43,30880
2020-09-18,FR,France,EURO,5078,459522,50,30930
2020-09-19,FR,France,EURO,1674,461196,154,31084
2020-09-20,FR,France,EURO,15608,476804,25,31109
2020-09-21,FR,France,EURO,14223,491027,11,31120
2020-09-22,FR,France,EURO,12752,503779,52,31172
2020-09-23,FR,France,EURO,11635,515414,62,31234
2020-09-24,FR,France,EURO,11942,527356,39,31273
2020-09-25,FR,France,EURO,4773,532129,52,31325
2020-09-26,FR,France,EURO,1162,533291,150,31475
2020-09-27,FR,France,EURO,13197,546488,39,31514
2020-09-28,FR,France,EURO,12788,559276,27,31541
2020-09-29,FR,France,EURO,13103,572379,67,31608
2020-09-30,FR,France,EURO,14366,586745,82,31690
2020-10-01,FR,France,EURO,15241,601986,56,31746
2020-10-02,FR,France,EURO,7215,609201,62,31808
2020-10-03,FR,France,EURO,1376,610577,118,31926
2020-10-04,FR,France,EURO,21381,631958,43,31969
2020-10-05,FR,France,EURO,19663,651621,32,32001
2020-10-06,FR,France,EURO,20437,672058,68,32069
2020-10-07,FR,France,EURO,22538,694596,65,32134
2020-10-08,FR,France,EURO,23263,717859,77,32211
2020-10-09,FR,France,EURO,11292,729151,76,32287
2020-10-10,FR,France,EURO,3004,732155,90,32377
2020-10-11,FR,France,EURO,31489,763644,54,32431
2020-10-12,FR,France,EURO,28593,792237,46,32477
2020-10-13,FR,France,EURO,28592,820829,94,32571
2020-10-14,FR,France,EURO,32012,852841,108,32679
2020-10-15,FR,France,EURO,32716,885557,101,32780
2020-10-16,FR,France,EURO,15221,900778,88,32868
2020-10-17,FR,France,EURO,4343,905121,162,33030
2020-10-18,FR,France,EURO,45280,950401,89,33119
2020-10-19,FR,France,EURO,44356,994757,85,33204
2020-10-20,FR,France,EURO,46461,1041218,146,33350
2020-10-21,FR,France,EURO,51083,1092301,261,33611
2020-10-22,FR,France,EURO,54521,1146822,155,33766
2020-10-23,FR,France,EURO,25093,1171915,162,33928
2020-10-24,FR,France,EURO,7124,1179039,297,34225
2020-10-25,FR,France,EURO,68714,1247753,137,34362
2020-10-26,FR,France,EURO,61364,1309117,105,34467
2020-10-27,FR,France,EURO,56662,1365779,255,34722
2020-10-28,FR,France,EURO,56163,1421942,522,35244
2020-10-29,FR,France,EURO,57506,1479448,240,35484
2020-10-30,FR,France,EURO,26259,1505707,235,35719
2020-10-31,FR,France,EURO,6351,1512058,544,36263
2020-11-01,FR,France,EURO,69989,1582047,223,36486
2020-11-02,FR,France,EURO,59106,1641153,231,36717
2020-11-03,FR,France,EURO,49763,1690916,411,37128
2020-11-04,FR,France,EURO,46864,1737780,854,37982
2020-11-05,FR,France,EURO,44263,1782043,373,38355
2020-11-06,FR,France,EURO,17913,1799956,363,38718
2020-11-07,FR,France,EURO,4125,1804081,827,39545
2020-11-08,FR,France,EURO,47592,1851673,304,39849
2020-11-09,FR,France,EURO,37425,1889098,270,40119
2020-11-10,FR,France,EURO,4797,1893895,546,40665
2020-11-11,FR,France,EURO,36517,1930412,1220,41885
2020-11-12,FR,France,EURO,28019,1958431,318,42203
2020-11-13,FR,France,EURO,10809,1969240,425,42628
2020-11-14,FR,France,EURO,2537,1971777,931,43559
2020-11-15,FR,France,EURO,30323,2002100,354,43913
2020-11-16,FR,France,EURO,21710,2023810,302,44215
2020-11-17,FR,France,EURO,17058,2040868,504,44719
2020-11-18,FR,France,EURO,16817,2057685,1219,45938
2020-11-19,FR,France,EURO,15546,2073231,413,46351
2020-11-20,FR,France,EURO,7235,2080466,429,46780
2020-11-21,FR,France,EURO,1592,2082058,1137,47917
2020-11-22,FR,France,EURO,17732,2099790,253,48170
2020-11-23,FR,France,EURO,13742,2113532,214,48384
2020-11-24,FR,France,EURO,12334,2125866,499,48883
2020-11-25,FR,France,EURO,12496,2138362,1005,49888
2020-11-26,FR,France,EURO,11779,2150141,371,50259
2020-11-27,FR,France,EURO,6057,2156198,339,50598
2020-11-28,FR,France,EURO,1484,2157682,956,51554
2020-11-29,FR,France,EURO,15847,2173529,213,51767
2020-11-30,FR,France,EURO,12287,2185816,198,51965
2020-12-01,FR,France,EURO,11334,2197150,406,52371
2020-12-02,FR,France,EURO,11959,2209109,775,53146
2020-12-03,FR,France,EURO,12438,2221547,309,53455
2020-12-04,FR,France,EURO,6548,2228095,324,53779
2020-12-05,FR,France,EURO,1640,2229735,625,54404
2020-12-06,FR,France,EURO,16663,2246398,214,54618
2020-12-07,FR,France,EURO,13252,2259650,174,54792
2020-12-08,FR,France,EURO,12436,2272086,366,55158
2020-12-09,FR,France,EURO,13509,2285595,828,55986
2020-12-10,FR,France,EURO,13629,2299224,294,56280
2020-12-11,FR,France,EURO,7770,2306994,292,56572
2020-12-12,FR,France,EURO,1918,2308912,626,57198
2020-12-13,FR,France,EURO,19643,2328555,194,57392
2020-12-14,FR,France,EURO,15940,2344495,150,57542
2020-12-15,FR,France,EURO,14917,2359412,368,57910
2020-12-16,FR,France,EURO,15821,2375233,790,58700
2020-12-17,FR,France,EURO,17318,2392551,289,58989
2020-12-18,FR,France,EURO,10452,2403003,256,59245
2020-12-19,FR,France,EURO,3433,2406436,610,59855
2020-12-20,FR,France,EURO,21044,2427480,188,60043
2020-12-21,FR,France,EURO,18331,2445811,131,60174
2020-12-22,FR,France,EURO,16670,2462481,351,60525
2020-12-23,FR,France,EURO,12858,2475339,801,61326
2020-12-24,FR,France,EURO,1209,2476548,276,61602
2020-12-25,FR,France,EURO,9615,2486163,290,61892
2020-12-26,FR,France,EURO,2033,2488196,159,62051
2020-12-27,FR,France,EURO,21428,2509624,146,62197
2020-12-28,FR,France,EURO,19533,2529157,173,62370
2020-12-29,FR,France,EURO,18995,2548152,362,62732
2020-12-30,FR,France,EURO,15452,2563604,969,63701
2020-12-31,FR,France,EURO,1368,2564972,303,64004
2021-01-01,FR,France,EURO,13186,2578158,250,64254
2021-01-02,FR,France,EURO,2711,2580869,133,64387
2021-01-03,FR,France,EURO,27817,2608686,156,64543
2021-01-04,FR,France,EURO,22099,2630785,116,64659
2021-01-05,FR,France,EURO,19026,2649811,376,65035
2021-01-06,FR,France,EURO,18634,2668445,867,65902
2021-01-07,FR,France,EURO,19211,2687656,282,66184
2021-01-08,FR,France,EURO,10728,2698384,276,66460
2021-01-09,FR,France,EURO,2167,2700551,589,67049
2021-01-10,FR,France,EURO,25931,2726482,168,67217
2021-01-11,FR,France,EURO,20189,2746671,151,67368
2021-01-12,FR,France,EURO,19408,2766079,689,68057
2021-01-13,FR,France,EURO,19807,2785886,362,68419
2021-01-14,FR,France,EURO,20698,2806584,229,68648
2021-01-15,FR,France,EURO,11335,2817919,280,68928
2021-01-16,FR,France,EURO,2682,2820601,633,69561
2021-01-17,FR,France,EURO,28922,2849523,192,69753
2021-01-18,FR,France,EURO,22710,2872233,141,69894
2021-01-19,FR,France,EURO,20813,2893046,401,70295
2021-01-20,FR,France,EURO,21609,2914655,656,70951
2021-01-21,FR,France,EURO,22604,2937259,310,71261
2021-01-22,FR,France,EURO,12515,2949774,346,71607
2021-01-23,FR,France,EURO,2072,2951846,648,72255
2021-01-24,FR,France,EURO,29448,2981294,229,72484
2021-01-25,FR,France,EURO,22205,3003499,172,72656
2021-01-26,FR,France,EURO,20900,3024399,445,73101
2021-01-27,FR,France,EURO,22313,3046712,612,73713
2021-01-28,FR,France,EURO,22627,3069339,349,74062
2021-01-29,FR,France,EURO,12464,3081803,343,74405
2021-01-30,FR,France,EURO,2957,3084760,819,75224
2021-01-31,FR,France,EURO,29782,3114542,242,75466
2021-02-01,FR,France,EURO,22756,3137298,195,75661
2021-02-02,FR,France,EURO,20040,3157338,453,76114
2021-02-03,FR,France,EURO,20247,3177585,726,76840
2021-02-04,FR,France,EURO,21010,3198595,353,77193
2021-02-05,FR,France,EURO,11800,3210395,355,77548
2021-02-06,FR,France,EURO,1213,3211608,650,78198
2021-02-07,FR,France,EURO,25685,3237293,191,78389
2021-02-08,FR,France,EURO,19805,3257098,171,78560
2021-02-09,FR,France,EURO,17513,3274611,456,79016
2021-02-10,FR,France,EURO,17191,3291802,721,79737
2021-02-11,FR,France,EURO,17781,3309583,295,80032
2021-02-12,FR,France,EURO,10098,3319681,357,80389
2021-02-13,FR,France,EURO,2168,3321849,644,81033
2021-02-14,FR,France,EURO,23782,3345631,192,81225
2021-02-15,FR,France,EURO,19739,3365370,167,81392
2021-02-16,FR,France,EURO,19549,3384919,409,81801
2021-02-17,FR,France,EURO,20133,3405052,582,82383
2021-02-18,FR,France,EURO,21167,3426219,309,82692
2021-02-19,FR,France,EURO,12519,3438738,267,82959
2021-02-20,FR,France,EURO,2085,3440823,565,83524
2021-02-21,FR,France,EURO,28726,3469549,183,83707
2021-02-22,FR,France,EURO,22181,3491730,159,83866
2021-02-23,FR,France,EURO,20162,3511892,327,84193
2021-02-24,FR,France,EURO,20736,3532628,428,84621
2021-02-25,FR,France,EURO,20752,3553380,273,84894
2021-02-26,FR,France,EURO,12393,3565773,257,85151
2021-02-27,FR,France,EURO,2277,3568050,536,85687
2021-02-28,FR,France,EURO,27422,3595472,185,85872
2021-03-01,FR,France,EURO,20412,3615884,114,85986
2021-03-02,FR,France,EURO,20453,3636337,375,86361
2021-03-03,FR,France,EURO,19786,3656123,410,86771
2021-03-04,FR,France,EURO,21912,3678035,322,87093
2021-03-05,FR,France,EURO,13157,3691192,278,87371
2021-03-06,FR,France,EURO,2364,3693556,405,87776
2021-03-07,FR,France,EURO,29327,3722883,196,87972
2021-03-08,FR,France,EURO,23466,3746349,127,88099
2021-03-09,FR,France,EURO,23706,3770055,358,88457
2021-03-10,FR,France,EURO,23945,3794000,356,88813
2021-03-11,FR,France,EURO,26255,3820255,264,89077
2021-03-12,FR,France,EURO,17026,3837281,265,89342
2021-03-13,FR,France,EURO,4135,3841416,290,89632
2021-03-14,FR,France,EURO,38276,3879692,168,89800
2021-03-15,FR,France,EURO,30555,3910247,132,89932
2021-03-16,FR,France,EURO,30439,3940686,333,90265
2021-03-17,FR,France,EURO,30375,3971061,392,90657
2021-03-18,FR,France,EURO,33123,4004184,236,90893
2021-03-19,FR,France,EURO,20670,4024854,269,91162
2021-03-20,FR,France,EURO,4986,4029840,267,91429
2021-03-21,FR,France,EURO,46270,4076110,184,91613
2021-03-22,FR,France,EURO,38088,4114198,138,91751
2021-03-23,FR,France,EURO,37136,4151334,343,92094
2021-03-24,FR,France,EURO,37079,4188413,269,92363
2021-03-25,FR,France,EURO,39932,4228345,245,92608
2021-03-26,FR,France,EURO,24890,4253235,223,92831
2021-03-27,FR,France,EURO,5122,4258357,897,93728
2021-03-28,FR,France,EURO,52323,4310680,156,93884
2021-03-29,FR,France,EURO,43554,4354234,158,94042
2021-03-30,FR,France,EURO,39629,4393863,360,94402
2021-03-31,FR,France,EURO,38379,4432242,361,94763
2021-04-01,FR,France,EURO,38483,4470725,299,95062
2021-04-02,FR,France,EURO,24320,4495045,304,95366
2021-04-03,FR,France,EURO,3775,4498820,318,95684
2021-04-04,FR,France,EURO,8602,4507422,185,95869
2021-04-05,FR,France,EURO,53843,4561265,157,96026
2021-04-06,FR,France,EURO,39110,4600375,228,96254
2021-04-07,FR,France,EURO,35899,4636274,412,96666
2021-04-08,FR,France,EURO,37967,4674241,433,97099
2021-04-09,FR,France,EURO,23785,4698026,331,97430
2021-04-10,FR,France,EURO,3728,4701754,319,97749
2021-04-11,FR,France,EURO,46288,4748042,207,97956
2021-04-12,FR,France,EURO,34343,4782385,176,98132
2021-04-13,FR,France,EURO,30754,4813139,373,98505
2021-04-14,FR,France,EURO,31275,4844414,345,98850
2021-04-15,FR,France,EURO,32128,4876542,295,99145
2021-04-16,FR,France,EURO,20291,4896833,297,99442
2021-04-17,FR,France,EURO,4515,4901348,302,99744
2021-04-18,FR,France,EURO,39723,4941071,177,99921
2021-04-19,FR,France,EURO,30755,4971826,169,100090
2021-04-20,FR,France,EURO,29142,5000968,446,100536
2021-04-21,FR,France,EURO,26869,5027837,381,100917
2021-04-22,FR,France,EURO,28363,5056200,313,101230
2021-04-23,FR,France,EURO,17221,5073421,283,101513
2021-04-24,FR,France,EURO,3476,5076897,331,101844
2021-04-25,FR,France,EURO,32465,5109362,166,102010
2021-04-26,FR,France,EURO,24812,5134174,174,102184
2021-04-27,FR,France,EURO,21077,5155251,391,102575
2021-04-28,FR,France,EURO,20966,5176217,315,102890
2021-04-29,FR,France,EURO,22575,5198792,344,103234
2021-04-30,FR,France,EURO,3828,5202620,306,103540
2021-05-01,FR,France,EURO,3376,5205996,290,103830
2021-05-02,FR,France,EURO,27245,5233241,164,103994
2021-05-03,FR,France,EURO,20203,5253444,113,104107
2021-05-04,FR,France,EURO,17478,5270922,279,104386
2021-05-05,FR,France,EURO,15889,5286811,255,104641
2021-05-06,FR,France,EURO,17918,5304729,273,104914
2021-05-07,FR,France,EURO,3888,5308617,219,105133
2021-05-08,FR,France,EURO,1562,5310179,206,105339
2021-05-09,FR,France,EURO,23884,5334063,205,105544
2021-05-10,FR,France,EURO,16618,5350681,86,105630
2021-05-11,FR,France,EURO,15762,5366443,319,105949
2021-05-12,FR,France,EURO,1571,5368014,202,106151
2021-05-13,FR,France,EURO,17164,5385178,182,106333
2021-05-14,FR,France,EURO,8576,5393754,160,106493
2021-05-15,FR,France,EURO,2262,5396016,173,106666
2021-05-16,FR,France,EURO,18820,5414836,100,106766
2021-05-17,FR,France,EURO,15432,5430268,81,106847
2021-05-18,FR,France,EURO,13220,5443488,195,107042
2021-05-19,FR,France,EURO,11514,5455002,192,107234
2021-05-20,FR,France,EURO,11986,5466988,169,107403
2021-05-21,FR,France,EURO,4817,5471805,133,107536
2021-05-22,FR,France,EURO,13447,5485252,121,107657
2021-05-23,FR,France,EURO,11821,5497073,75,107732
2021-05-24,FR,France,EURO,9704,5506777,70,107802
2021-05-25,FR,France,EURO,1908,5508685,61,107863
2021-05-26,FR,France,EURO,1749,5510434,178,108041
2021-05-27,FR,France,EURO,12438,5522872,172,108213
2021-05-28,FR,France,EURO,13704,5536576,141,108354
2021-05-29,FR,France,EURO,11090,5547666,94,108448
2021-05-30,FR,France,EURO,10007,5557673,95,108543
2021-05-31,FR,France,EURO,8541,5566214,15,108558
2021-06-01,FR,France,EURO,938,5567152,155,108713
2021-06-02,FR,France,EURO,8498,5575650,88,108801
2021-06-03,FR,France,EURO,8582,5584232,124,108925
2021-06-04,FR,France,EURO,7978,5592210,69,108994
2021-06-05,FR,France,EURO,6953,5599163,88,109082
2021-06-06,FR,France,EURO,6038,5605201,14,109096
2021-06-07,FR,France,EURO,5070,5610271,25,109121
2021-06-08,FR,France,EURO,946,5611217,88,109209
2021-06-09,FR,France,EURO,4700,5615917,34,109243
2021-06-10,FR,France,EURO,5358,5621275,93,109336
2021-06-11,FR,France,EURO,4475,5625750,68,109404
2021-06-12,FR,France,EURO,3639,5629389,71,109475
2021-06-13,FR,France,EURO,3603,5632992,25,109500
2021-06-14,FR,France,EURO,2850,5635842,13,109513
2021-06-15,FR,France,EURO,407,5636249,60,109573
2021-06-16,FR,France,EURO,1867,5638116,68,109641
2021-06-17,FR,France,EURO,2865,5640981,48,109689
2021-06-18,FR,France,EURO,2775,5643756,55,109744
2021-06-19,FR,France,EURO,2132,5645888,63,109807
2021-06-20,FR,France,EURO,2322,5648210,20,109827
2021-06-21,FR,France,EURO,1815,5650025,14,109841
2021-06-22,FR,France,EURO,290,5650315,39,109880
2021-06-23,FR,France,EURO,978,5651293,45,109925
2021-06-24,FR,France,EURO,2287,5653580,33,109958
2021-06-25,FR,France,EURO,1796,5655376,44,110002
2021-06-26,FR,France,EURO,1851,5657227,4,110006
2021-06-27,FR,France,EURO,1874,5659101,11,110017
2021-06-28,FR,France,EURO,1459,5660560,45,110062
2021-06-29,FR,France,EURO,509,5661069,32,110094
2021-06-30,FR,France,EURO,1104,5662173,43,110137
2021-07-01,FR,France,EURO,2336,5664509,25,110162
2021-07-02,FR,France,EURO,2572,5667081,28,110190
2021-07-03,FR,France,EURO,2581,5669662,22,110212
2021-07-04,FR,France,EURO,2695,5672357,12,110224
2021-07-05,FR,France,EURO,2549,5674906,9,110233
2021-07-06,FR,France,EURO,796,5675702,26,110259
2021-07-07,FR,France,EURO,2044,5677746,31,110290
2021-07-08,FR,France,EURO,3996,5681742,28,110318
2021-07-09,FR,France,EURO,4324,5686066,23,110341
2021-07-10,FR,France,EURO,4498,5690564,17,110358
2021-07-11,FR,France,EURO,4102,5694666,14,110372
2021-07-12,FR,France,EURO,4231,5698897,4,110376
2021-07-13,FR,France,EURO,1120,5700017,24,110400
2021-07-14,FR,France,EURO,5367,5705384,40,110440
2021-07-15,FR,France,EURO,8748,5714132,6,110446
2021-07-16,FR,France,EURO,3583,5717715,16,110462
2021-07-17,FR,France,EURO,8433,5726148,14,110476
2021-07-18,FR,France,EURO,10949,5737097,16,110492
2021-07-19,FR,France,EURO,12523,5749620,5,110497
2021-07-20,FR,France,EURO,3959,5753579,16,110513
2021-07-21,FR,France,EURO,16723,5770302,21,110534
2021-07-22,FR,France,EURO,21386,5791688,22,110556
2021-07-23,FR,France,EURO,21769,5813457,10,110566
2021-07-24,FR,France,EURO,20984,5834441,25,110591
2021-07-25,FR,France,EURO,20516,5854957,18,110609
2021-07-26,FR,France,EURO,16158,5871115,6,110615
2021-07-27,FR,France,EURO,5154,5876269,41,110656
2021-07-28,FR,France,EURO,24127,5900396,26,110682
2021-07-29,FR,France,EURO,27798,5928194,38,110720
2021-07-30,FR,France,EURO,21259,5949453,14,110734
2021-07-31,FR,France,EURO,22157,5971610,47,110781
2021-08-01,FR,France,EURO,20952,5992562,38,110819
2021-08-02,FR,France,EURO,19600,6012162,18,110837
2021-08-03,FR,France,EURO,1930,6014092,22,110859
2021-08-04,FR,France,EURO,25481,6039573,62,110921
2021-08-05,FR,France,EURO,27856,6067429,40,110961
2021-08-06,FR,France,EURO,25481,6092910,39,111000
2021-08-07,FR,France,EURO,23355,6116265,60,111060
2021-08-08,FR,France,EURO,24978,6141243,16,111076
2021-08-09,FR,France,EURO,19692,6160935,26,111102
2021-08-10,FR,France,EURO,672,6161607,55,111157
2021-08-11,FR,France,EURO,24236,6185843,69,111226
2021-08-12,FR,France,EURO,30757,6216600,52,111278
2021-08-13,FR,France,EURO,26647,6243247,50,111328
2021-08-14,FR,France,EURO,25588,6268835,62,111390
2021-08-15,FR,France,EURO,21341,6290176,7,111397
2021-08-16,FR,France,EURO,21125,6311301,44,111441
2021-08-17,FR,France,EURO,5829,6317130,68,111509
2021-08-18,FR,France,EURO,17104,6334234,125,111634
2021-08-19,FR,France,EURO,27437,6361671,100,111734
2021-08-20,FR,France,EURO,23102,6384773,105,111839
2021-08-21,FR,France,EURO,18918,6403691,52,111891
2021-08-22,FR,France,EURO,22636,6426327,64,111955
2021-08-23,FR,France,EURO,17282,6443609,44,111999
2021-08-24,FR,France,EURO,4758,6448367,181,112180
2021-08-25,FR,France,EURO,22004,6470371,158,112338
2021-08-26,FR,France,EURO,22610,6492981,93,112431
2021-08-27,FR,France,EURO,18812,6511793,-21,112410
2021-08-28,FR,France,EURO,10563,6522356,19,112429
2021-08-29,FR,France,EURO,17381,6539737,74,112503
2021-08-30,FR,France,EURO,13589,6553326,53,112556
2021-08-31,FR,France,EURO,2132,6555458,42,112598
2021-09-01,FR,France,EURO,17441,6572899,174,112772
2021-09-02,FR,France,EURO,17102,6590001,83,112855
2021-09-03,FR,France,EURO,15353,6605354,85,112940
2021-09-04,FR,France,EURO,8708,6614062,93,113033
2021-09-05,FR,France,EURO,13243,6627305,-41,112992
2021-09-06,FR,France,EURO,10260,6637565,49,113041
2021-09-07,FR,France,EURO,2310,6639875,88,113129
2021-09-08,FR,France,EURO,12851,6652726,111,113240
2021-09-09,FR,France,EURO,12348,6665074,98,113338
2021-09-10,FR,France,EURO,10649,6675723,78,113416
2021-09-11,FR,France,EURO,7575,6683298,80,113496
2021-09-12,FR,France,EURO,9408,6692706,-50,113446
2021-09-13,FR,France,EURO,7653,6700359,29,113475
2021-09-14,FR,France,EURO,415,6700774,71,113546
2021-09-15,FR,France,EURO,9944,6710718,135,113681
2021-09-16,FR,France,EURO,8686,6719404,72,113753
2020-01-03,IT,Italy,EURO,0,0,0,0
2020-01-04,IT,Italy,EURO,0,0,0,0
2020-01-05,IT,Italy,EURO,0,0,0,0
2020-01-06,IT,Italy,EURO,0,0,0,0
2020-01-07,IT,Italy,EURO,0,0,0,0
2020-01-08,IT,Italy,EURO,0,0,0,0
2020-01-09,IT,Italy,EURO,0,0,0,0
2020-01-10,IT,Italy,EURO,0,0,0,0
2020-01-11,IT,Italy,EURO,0,0,0,0
2020-01-12,IT,Italy,EURO,0,0,0,0
2020-01-13,IT,Italy,EURO,0,0,0,0
2020-01-14,IT,Italy,EURO,0,0,0,0
2020-01-15,IT,Italy,EURO,0,0,0,0
2020-01-16,IT,Italy,EURO,0,0,0,0
2020-01-17,IT,Italy,EURO,0,0,0,0
2020-01-18,IT,Italy,EURO,0,0,0,0
2020-01-19,IT,Italy,EURO,0,0,0,0
2020-01-20,IT,Italy,EURO,0,0,0,0
2020-01-21,IT,Italy,EURO,0,0,0,0
2020-01-22,IT,Italy,EURO,0,0,0,0
2020-01-23,IT,Italy,EURO,0,0,0,0
2020-01-24,IT,Italy,EURO,0,0,0,0
2020-01-25,IT,Italy,EURO,0,0,0,0
2020-01-26,IT,Italy,EURO,0,0,0,0
2020-01-27,IT,Italy,EURO,0,0,0,0
2020-01-28,IT,Italy,EURO,0,0,0,0
2020-01-29,IT,Italy,EURO,2,2,0,0
2020-01-30,IT,Italy,EURO,0,2,0,0
2020-01-31,IT,Italy,EURO,1,3,0,0
2020-02-01,IT,Italy,EURO,0,3,0,0
2020-02-02,IT,Italy,EURO,0,3,0,0
2020-02-03,IT,Italy,EURO,0,3,0,0
2020-02-04,IT,Italy,EURO,0,3,0,0
2020-02-05,IT,Italy,EURO,0,3,0,0
2020-02-06,IT,Italy,EURO,0,3,0,0
2020-02-07,IT,Italy,EURO,0,3,0,0
2020-02-08,IT,Italy,EURO,0,3,0,0
2020-02-09,IT,Italy,EURO,0,3,0,0
2020-02-10,IT,Italy,EURO,0,3,0,0
2020-02-11,IT,Italy,EURO,0,3,0,0
2020-02-12,IT,Italy,EURO,0,3,0,0
2020-02-13,IT,Italy,EURO,0,3,0,0
2020-02-14,IT,Italy,EURO,0,3,0,0
2020-02-15,IT,Italy,EURO,0,3,0,0
2020-02-16,IT,Italy,EURO,0,3,0,0
2020-02-17,IT,Italy,EURO,0,3,0,0
2020-02-18,IT,Italy,EURO,0,3,0,0
2020-02-19,IT,Italy,EURO,0,3,0,0
2020-02-20,IT,Italy,EURO,0,3,0,0
2020-02-21,IT,Italy,EURO,0,3,0,0
2020-02-22,IT,Italy,EURO,14,17,0,0
2020-02-23,IT,Italy,EURO,62,79,2,2
2020-02-24,IT,Italy,EURO,53,132,0,2
2020-02-25,IT,Italy,EURO,97,229,4,6
2020-02-26,IT,Italy,EURO,93,322,5,11
2020-02-27,IT,Italy,EURO,78,400,1,12
2020-02-28,IT,Italy,EURO,250,650,5,17
2020-02-29,IT,Italy,EURO,238,888,4,21
2020-03-01,IT,Italy,EURO,240,1128,8,29
2020-03-02,IT,Italy,EURO,561,1689,6,35
2020-03-03,IT,Italy,EURO,347,2036,17,52
2020-03-04,IT,Italy,EURO,466,2502,28,80
2020-03-05,IT,Italy,EURO,587,3089,27,107
2020-03-06,IT,Italy,EURO,769,3858,41,148
2020-03-07,IT,Italy,EURO,778,4636,49,197
2020-03-08,IT,Italy,EURO,1247,5883,36,233
2020-03-09,IT,Italy,EURO,1492,7375,133,366
2020-03-10,IT,Italy,EURO,1797,9172,98,464
2020-03-11,IT,Italy,EURO,977,10149,167,631
2020-03-12,IT,Italy,EURO,2313,12462,196,827
2020-03-13,IT,Italy,EURO,2651,15113,189,1016
2020-03-14,IT,Italy,EURO,2547,17660,252,1268
2020-03-15,IT,Italy,EURO,3497,21157,173,1441
2020-03-16,IT,Italy,EURO,2823,23980,370,1811
2020-03-17,IT,Italy,EURO,4000,27980,347,2158
2020-03-18,IT,Italy,EURO,3526,31506,347,2505
2020-03-19,IT,Italy,EURO,4207,35713,473,2978
2020-03-20,IT,Italy,EURO,5322,41035,429,3407
2020-03-21,IT,Italy,EURO,5986,47021,625,4032
2020-03-22,IT,Italy,EURO,6557,53578,795,4827
2020-03-23,IT,Italy,EURO,5560,59138,649,5476
2020-03-24,IT,Italy,EURO,4789,63927,601,6077
2020-03-25,IT,Italy,EURO,5249,69176,743,6820
2020-03-26,IT,Italy,EURO,5210,74386,685,7505
2020-03-27,IT,Italy,EURO,6153,80539,660,8165
2020-03-28,IT,Italy,EURO,5959,86498,971,9136
2020-03-29,IT,Italy,EURO,5974,92472,887,10023
2020-03-30,IT,Italy,EURO,5217,97689,758,10781
2020-03-31,IT,Italy,EURO,4050,101739,810,11591
2020-04-01,IT,Italy,EURO,4053,105792,839,12430
2020-04-02,IT,Italy,EURO,4782,110574,727,13157
2020-04-03,IT,Italy,EURO,4668,115242,760,13917
2020-04-04,IT,Italy,EURO,4585,119827,764,14681
2020-04-05,IT,Italy,EURO,4805,124632,681,15362
2020-04-06,IT,Italy,EURO,4316,128948,527,15889
2020-04-07,IT,Italy,EURO,3599,132547,636,16525
2020-04-08,IT,Italy,EURO,3039,135586,604,17129
2020-04-09,IT,Italy,EURO,3836,139422,540,17669
2020-04-10,IT,Italy,EURO,4204,143626,612,18281
2020-04-11,IT,Italy,EURO,3951,147577,570,18851
2020-04-12,IT,Italy,EURO,4694,152271,619,19470
2020-04-13,IT,Italy,EURO,4092,156363,431,19901
2020-04-14,IT,Italy,EURO,3153,159516,564,20465
2020-04-15,IT,Italy,EURO,2972,162488,604,21069
2020-04-16,IT,Italy,EURO,2667,165155,578,21647
2020-04-17,IT,Italy,EURO,3786,168941,525,22172
2020-04-18,IT,Italy,EURO,3493,172434,575,22747
2020-04-19,IT,Italy,EURO,3491,175925,480,23227
2020-04-20,IT,Italy,EURO,3047,178972,433,23660
2020-04-21,IT,Italy,EURO,2256,181228,454,24114
2020-04-22,IT,Italy,EURO,2729,183957,534,24648
2020-04-23,IT,Italy,EURO,3370,187327,437,25085
2020-04-24,IT,Italy,EURO,2646,189973,464,25549
2020-04-25,IT,Italy,EURO,3021,192994,420,25969
2020-04-26,IT,Italy,EURO,2357,195351,415,26384
2020-04-27,IT,Italy,EURO,2324,197675,260,26644
2020-04-28,IT,Italy,EURO,1739,199414,333,26977
2020-04-29,IT,Italy,EURO,2091,201505,382,27359
2020-04-30,IT,Italy,EURO,2086,203591,323,27682
2020-05-01,IT,Italy,EURO,1872,205463,285,27967
2020-05-02,IT,Italy,EURO,1965,207428,269,28236
2020-05-03,IT,Italy,EURO,1900,209328,474,28710
2020-05-04,IT,Italy,EURO,1389,210717,174,28884
2020-05-05,IT,Italy,EURO,1221,211938,195,29079
2020-05-06,IT,Italy,EURO,1075,213013,236,29315
2020-05-07,IT,Italy,EURO,1444,214457,369,29684
2020-05-08,IT,Italy,EURO,1401,215858,274,29958
2020-05-09,IT,Italy,EURO,1327,217185,243,30201
2020-05-10,IT,Italy,EURO,1083,218268,194,30395
2020-05-11,IT,Italy,EURO,802,219070,165,30560
2020-05-12,IT,Italy,EURO,744,219814,179,30739
2020-05-13,IT,Italy,EURO,1402,221216,172,30911
2020-05-14,IT,Italy,EURO,888,222104,195,31106
2020-05-15,IT,Italy,EURO,992,223096,262,31368
2020-05-16,IT,Italy,EURO,789,223885,242,31610
2020-05-17,IT,Italy,EURO,875,224760,153,31763
2020-05-18,IT,Italy,EURO,675,225435,145,31908
2020-05-19,IT,Italy,EURO,451,225886,99,32007
2020-05-20,IT,Italy,EURO,813,226699,162,32169
2020-05-21,IT,Italy,EURO,665,227364,161,32330
2020-05-22,IT,Italy,EURO,642,228006,156,32486
2020-05-23,IT,Italy,EURO,652,228658,130,32616
2020-05-24,IT,Italy,EURO,669,229327,119,32735
2020-05-25,IT,Italy,EURO,531,229858,50,32785
2020-05-26,IT,Italy,EURO,300,230158,92,32877
2020-05-27,IT,Italy,EURO,397,230555,78,32955
2020-05-28,IT,Italy,EURO,584,231139,117,33072
2020-05-29,IT,Italy,EURO,593,231732,70,33142
2020-05-30,IT,Italy,EURO,516,232248,87,33229
2020-05-31,IT,Italy,EURO,416,232664,111,33340
2020-06-01,IT,Italy,EURO,355,233019,75,33415
2020-06-02,IT,Italy,EURO,178,233197,60,33475
2020-06-03,IT,Italy,EURO,318,233515,55,33530
2020-06-04,IT,Italy,EURO,321,233836,71,33601
2020-06-05,IT,Italy,EURO,177,234013,88,33689
2020-06-06,IT,Italy,EURO,518,234531,85,33774
2020-06-07,IT,Italy,EURO,270,234801,72,33846
2020-06-08,IT,Italy,EURO,197,234998,53,33899
2020-06-09,IT,Italy,EURO,280,235278,65,33964
2020-06-10,IT,Italy,EURO,283,235561,79,34043
2020-06-11,IT,Italy,EURO,202,235763,71,34114
2020-06-12,IT,Italy,EURO,379,236142,53,34167
2020-06-13,IT,Italy,EURO,163,236305,56,34223
2020-06-14,IT,Italy,EURO,346,236651,78,34301
2020-06-15,IT,Italy,EURO,338,236989,44,34345
2020-06-16,IT,Italy,EURO,301,237290,26,34371
2020-06-17,IT,Italy,EURO,210,237500,34,34405
2020-06-18,IT,Italy,EURO,328,237828,43,34448
2020-06-19,IT,Italy,EURO,331,238159,66,34514
2020-06-20,IT,Italy,EURO,-148,238011,47,34561
2020-06-21,IT,Italy,EURO,264,238275,49,34610
2020-06-22,IT,Italy,EURO,224,238499,24,34634
2020-06-23,IT,Italy,EURO,221,238720,23,34657
2020-06-24,IT,Italy,EURO,113,238833,18,34675
2020-06-25,IT,Italy,EURO,577,239410,-31,34644
2020-06-26,IT,Italy,EURO,296,239706,34,34678
2020-06-27,IT,Italy,EURO,255,239961,30,34708
2020-06-28,IT,Italy,EURO,175,240136,8,34716
2020-06-29,IT,Italy,EURO,174,240310,22,34738
2020-06-30,IT,Italy,EURO,126,240436,6,34744
2020-07-01,IT,Italy,EURO,142,240578,23,34767
2020-07-02,IT,Italy,EURO,182,240760,21,34788
2020-07-03,IT,Italy,EURO,201,240961,30,34818
2020-07-04,IT,Italy,EURO,223,241184,15,34833
2020-07-05,IT,Italy,EURO,235,241419,21,34854
2020-07-06,IT,Italy,EURO,192,241611,7,34861
2020-07-07,IT,Italy,EURO,208,241819,8,34869
2020-07-08,IT,Italy,EURO,137,241956,30,34899
2020-07-09,IT,Italy,EURO,193,242149,15,34914
2020-07-10,IT,Italy,EURO,214,242363,12,34926
2020-07-11,IT,Italy,EURO,276,242639,12,34938
2020-07-12,IT,Italy,EURO,188,242827,7,34945
2020-07-13,IT,Italy,EURO,234,243061,9,34954
2020-07-14,IT,Italy,EURO,169,243230,13,34967
2020-07-15,IT,Italy,EURO,114,243344,17,34984
2020-07-16,IT,Italy,EURO,162,243506,13,34997
2020-07-17,IT,Italy,EURO,230,243736,20,35017
2020-07-18,IT,Italy,EURO,231,243967,11,35028
2020-07-19,IT,Italy,EURO,249,244216,14,35042
2020-07-20,IT,Italy,EURO,218,244434,3,35045
2020-07-21,IT,Italy,EURO,190,244624,13,35058
2020-07-22,IT,Italy,EURO,128,244752,15,35073
2020-07-23,IT,Italy,EURO,280,245032,9,35082
2020-07-24,IT,Italy,EURO,306,245338,10,35092
2020-07-25,IT,Italy,EURO,252,245590,5,35097
2020-07-26,IT,Italy,EURO,274,245864,5,35102
2020-07-27,IT,Italy,EURO,254,246118,5,35107
2020-07-28,IT,Italy,EURO,168,246286,5,35112
2020-07-29,IT,Italy,EURO,202,246488,11,35123
2020-07-30,IT,Italy,EURO,288,246776,6,35129
2020-07-31,IT,Italy,EURO,382,247158,3,35132
2020-08-01,IT,Italy,EURO,379,247537,9,35141
2020-08-02,IT,Italy,EURO,295,247832,5,35146
2020-08-03,IT,Italy,EURO,238,248070,8,35154
2020-08-04,IT,Italy,EURO,159,248229,12,35166
2020-08-05,IT,Italy,EURO,190,248419,5,35171
2020-08-06,IT,Italy,EURO,384,248803,10,35181
2020-08-07,IT,Italy,EURO,401,249204,6,35187
2020-08-08,IT,Italy,EURO,552,249756,3,35190
2020-08-09,IT,Italy,EURO,347,250103,13,35203
2020-08-10,IT,Italy,EURO,463,250566,2,35205
2020-08-11,IT,Italy,EURO,259,250825,4,35209
2020-08-12,IT,Italy,EURO,412,251237,6,35215
2020-08-13,IT,Italy,EURO,476,251713,10,35225
2020-08-14,IT,Italy,EURO,522,252235,6,35231
2020-08-15,IT,Italy,EURO,574,252809,3,35234
2020-08-16,IT,Italy,EURO,629,253438,158,35392
2020-08-17,IT,Italy,EURO,477,253915,4,35396
2020-08-18,IT,Italy,EURO,320,254235,4,35400
2020-08-19,IT,Italy,EURO,401,254636,5,35405
2020-08-20,IT,Italy,EURO,642,255278,7,35412
2020-08-21,IT,Italy,EURO,840,256118,6,35418
2020-08-22,IT,Italy,EURO,947,257065,9,35427
2020-08-23,IT,Italy,EURO,1071,258136,3,35430
2020-08-24,IT,Italy,EURO,1209,259345,7,35437
2020-08-25,IT,Italy,EURO,953,260298,4,35441
2020-08-26,IT,Italy,EURO,876,261174,4,35445
2020-08-27,IT,Italy,EURO,1366,262540,13,35458
2020-08-28,IT,Italy,EURO,1409,263949,5,35463
2020-08-29,IT,Italy,EURO,1460,265409,9,35472
2020-08-30,IT,Italy,EURO,1444,266853,1,35473
2020-08-31,IT,Italy,EURO,1365,268218,4,35477
2020-09-01,IT,Italy,EURO,996,269214,6,35483
2020-09-02,IT,Italy,EURO,975,270189,8,35491
2020-09-03,IT,Italy,EURO,1326,271515,6,35497
2020-09-04,IT,Italy,EURO,1397,272912,10,35507
2020-09-05,IT,Italy,EURO,1732,274644,11,35518
2020-09-06,IT,Italy,EURO,1694,276338,16,35534
2020-09-07,IT,Italy,EURO,1296,277634,7,35541
2020-09-08,IT,Italy,EURO,1150,278784,12,35553
2020-09-09,IT,Italy,EURO,1369,280153,10,35563
2020-09-10,IT,Italy,EURO,1430,281583,14,35577
2020-09-11,IT,Italy,EURO,1597,283180,10,35587
2020-09-12,IT,Italy,EURO,1616,284796,10,35597
2020-09-13,IT,Italy,EURO,1501,286297,6,35603
2020-09-14,IT,Italy,EURO,1456,287753,7,35610
2020-09-15,IT,Italy,EURO,1008,288761,14,35624
2020-09-16,IT,Italy,EURO,1229,289990,9,35633
2020-09-17,IT,Italy,EURO,1452,291442,12,35645
2020-09-18,IT,Italy,EURO,1583,293025,13,35658
2020-09-19,IT,Italy,EURO,1907,294932,10,35668
2020-09-20,IT,Italy,EURO,1637,296569,24,35692
2020-09-21,IT,Italy,EURO,1587,298156,15,35707
2020-09-22,IT,Italy,EURO,1350,299506,17,35724
2020-09-23,IT,Italy,EURO,1391,300897,14,35738
2020-09-24,IT,Italy,EURO,1640,302537,20,35758
2020-09-25,IT,Italy,EURO,1786,304323,23,35781
2020-09-26,IT,Italy,EURO,1912,306235,20,35801
2020-09-27,IT,Italy,EURO,1869,308104,17,35818
2020-09-28,IT,Italy,EURO,1766,309870,17,35835
2020-09-29,IT,Italy,EURO,1494,311364,16,35851
2020-09-30,IT,Italy,EURO,1647,313011,24,35875
2020-10-01,IT,Italy,EURO,1850,314861,19,35894
2020-10-02,IT,Italy,EURO,2548,317409,24,35918
2020-10-03,IT,Italy,EURO,2499,319908,23,35941
2020-10-04,IT,Italy,EURO,2843,322751,27,35968
2020-10-05,IT,Italy,EURO,2578,325329,18,35986
2020-10-06,IT,Italy,EURO,2257,327586,16,36002
2020-10-07,IT,Italy,EURO,2677,330263,28,36030
2020-10-08,IT,Italy,EURO,3677,333940,31,36061
2020-10-09,IT,Italy,EURO,4458,338398,22,36083
2020-10-10,IT,Italy,EURO,5372,343770,28,36111
2020-10-11,IT,Italy,EURO,5724,349494,29,36140
2020-10-12,IT,Italy,EURO,5456,354950,26,36166
2020-10-13,IT,Italy,EURO,4619,359569,39,36205
2020-10-14,IT,Italy,EURO,5898,365467,41,36246
2020-10-15,IT,Italy,EURO,7332,372799,43,36289
2020-10-16,IT,Italy,EURO,8803,381602,83,36372
2020-10-17,IT,Italy,EURO,10009,391611,55,36427
2020-10-18,IT,Italy,EURO,10925,402536,47,36474
2020-10-19,IT,Italy,EURO,11705,414241,69,36543
2020-10-20,IT,Italy,EURO,9337,423578,73,36616
2020-10-21,IT,Italy,EURO,10871,434449,89,36705
2020-10-22,IT,Italy,EURO,15199,449648,127,36832
2020-10-23,IT,Italy,EURO,16078,465726,136,36968
2020-10-24,IT,Italy,EURO,19143,484869,91,37059
2020-10-25,IT,Italy,EURO,19640,504509,151,37210
2020-10-26,IT,Italy,EURO,21273,525782,128,37338
2020-10-27,IT,Italy,EURO,17007,542789,141,37479
2020-10-28,IT,Italy,EURO,21989,564778,221,37700
2020-10-29,IT,Italy,EURO,24988,589766,205,37905
2020-10-30,IT,Italy,EURO,26829,616595,217,38122
2020-10-31,IT,Italy,EURO,31079,647674,199,38321
2020-11-01,IT,Italy,EURO,31756,679430,297,38618
2020-11-02,IT,Italy,EURO,29905,709335,208,38826
2020-11-03,IT,Italy,EURO,22253,731588,233,39059
2020-11-04,IT,Italy,EURO,28241,759829,353,39412
2020-11-05,IT,Italy,EURO,30548,790377,352,39764
2020-11-06,IT,Italy,EURO,34502,824879,428,40192
2020-11-07,IT,Italy,EURO,37802,862681,446,40638
2020-11-08,IT,Italy,EURO,39809,902490,425,41063
2020-11-09,IT,Italy,EURO,32614,935104,331,41394
2020-11-10,IT,Italy,EURO,25269,960373,356,41750
2020-11-11,IT,Italy,EURO,35090,995463,580,42330
2020-11-12,IT,Italy,EURO,32961,1028424,623,42953
2020-11-13,IT,Italy,EURO,37977,1066401,636,43589
2020-11-14,IT,Italy,EURO,40902,1107303,550,44139
2020-11-15,IT,Italy,EURO,37249,1144552,544,44683
2020-11-16,IT,Italy,EURO,33977,1178529,546,45229
2020-11-17,IT,Italy,EURO,27352,1205881,504,45733
2020-11-18,IT,Italy,EURO,32191,1238072,731,46464
2020-11-19,IT,Italy,EURO,34280,1272352,753,47217
2020-11-20,IT,Italy,EURO,36176,1308528,653,47870
2020-11-21,IT,Italy,EURO,37239,1345767,699,48569
2020-11-22,IT,Italy,EURO,34764,1380531,692,49261
2020-11-23,IT,Italy,EURO,28337,1408868,562,49823
2020-11-24,IT,Italy,EURO,22927,1431795,630,50453
2020-11-25,IT,Italy,EURO,23227,1455022,853,51306
2020-11-26,IT,Italy,EURO,25852,1480874,722,52028
2020-11-27,IT,Italy,EURO,29001,1509875,822,52850
2020-11-28,IT,Italy,EURO,28342,1538217,827,53677
2020-11-29,IT,Italy,EURO,26315,1564532,686,54363
2020-11-30,IT,Italy,EURO,20646,1585178,541,54904
2020-12-01,IT,Italy,EURO,16376,1601554,672,55576
2020-12-02,IT,Italy,EURO,19347,1620901,785,56361
2020-12-03,IT,Italy,EURO,20709,1641610,684,57045
2020-12-04,IT,Italy,EURO,23219,1664829,993,58038
2020-12-05,IT,Italy,EURO,24110,1688939,814,58852
2020-12-06,IT,Italy,EURO,21052,1709991,662,59514
2020-12-07,IT,Italy,EURO,18887,1728878,564,60078
2020-12-08,IT,Italy,EURO,13679,1742557,528,60606
2020-12-09,IT,Italy,EURO,14837,1757394,634,61240
2020-12-10,IT,Italy,EURO,12755,1770149,499,61739
2020-12-11,IT,Italy,EURO,16998,1787147,887,62626
2020-12-12,IT,Italy,EURO,18726,1805873,761,63387
2020-12-13,IT,Italy,EURO,19902,1825775,649,64036
2020-12-14,IT,Italy,EURO,17937,1843712,484,64520
2020-12-15,IT,Italy,EURO,12025,1855737,491,65011
2020-12-16,IT,Italy,EURO,14839,1870576,846,65857
2020-12-17,IT,Italy,EURO,17568,1888144,680,66537
2020-12-18,IT,Italy,EURO,18233,1906377,683,67220
2020-12-19,IT,Italy,EURO,15401,1921778,674,67894
2020-12-20,IT,Italy,EURO,16305,1938083,553,68447
2020-12-21,IT,Italy,EURO,15102,1953185,352,68799
2020-12-22,IT,Italy,EURO,10869,1964054,415,69214
2020-12-23,IT,Italy,EURO,13316,1977370,628,69842
2020-12-24,IT,Italy,EURO,13908,1991278,553,70395
2020-12-25,IT,Italy,EURO,18039,2009317,505,70900
2020-12-26,IT,Italy,EURO,19037,2028354,459,71359
2020-12-27,IT,Italy,EURO,10405,2038759,261,71620
2020-12-28,IT,Italy,EURO,8937,2047696,305,71925
2020-12-29,IT,Italy,EURO,8581,2056277,445,72370
2020-12-30,IT,Italy,EURO,11210,2067487,659,73029
2020-12-31,IT,Italy,EURO,16202,2083689,575,73604
2021-01-01,IT,Italy,EURO,23477,2107166,555,74159
2021-01-02,IT,Italy,EURO,22210,2129376,462,74621
2021-01-03,IT,Italy,EURO,11825,2141201,364,74985
2021-01-04,IT,Italy,EURO,14245,2155446,347,75332
2021-01-05,IT,Italy,EURO,10798,2166244,348,75680
2021-01-06,IT,Italy,EURO,15375,2181619,649,76329
2021-01-07,IT,Italy,EURO,20326,2201945,548,76877
2021-01-08,IT,Italy,EURO,18416,2220361,414,77291
2021-01-09,IT,Italy,EURO,17529,2237890,620,77911
2021-01-10,IT,Italy,EURO,19976,2257866,483,78394
2021-01-11,IT,Italy,EURO,18625,2276491,361,78755
2021-01-12,IT,Italy,EURO,12530,2289021,448,79203
2021-01-13,IT,Italy,EURO,14242,2303263,616,79819
2021-01-14,IT,Italy,EURO,15773,2319036,507,80326
2021-01-15,IT,Italy,EURO,17243,2336279,522,80848
2021-01-16,IT,Italy,EURO,16144,2352423,477,81325
2021-01-17,IT,Italy,EURO,16310,2368733,475,81800
2021-01-18,IT,Italy,EURO,12544,2381277,377,82177
2021-01-19,IT,Italy,EURO,8825,2390102,377,82554
2021-01-20,IT,Italy,EURO,10496,2400598,603,83157
2021-01-21,IT,Italy,EURO,13568,2414166,524,83681
2021-01-22,IT,Italy,EURO,14055,2428221,521,84202
2021-01-23,IT,Italy,EURO,13633,2441854,472,84674
2021-01-24,IT,Italy,EURO,13331,2455185,488,85162
2021-01-25,IT,Italy,EURO,11628,2466813,299,85461
2021-01-26,IT,Italy,EURO,8559,2475372,420,85881
2021-01-27,IT,Italy,EURO,10584,2485956,541,86422
2021-01-28,IT,Italy,EURO,15191,2501147,467,86889
2021-01-29,IT,Italy,EURO,14360,2515507,492,87381
2021-01-30,IT,Italy,EURO,13563,2529070,477,87858
2021-01-31,IT,Italy,EURO,12713,2541783,421,88279
2021-02-01,IT,Italy,EURO,11249,2553032,237,88516
2021-02-02,IT,Italy,EURO,7925,2560957,329,88845
2021-02-03,IT,Italy,EURO,9651,2570608,499,89344
2021-02-04,IT,Italy,EURO,13182,2583790,476,89820
2021-02-05,IT,Italy,EURO,13656,2597446,421,90241
2021-02-06,IT,Italy,EURO,14213,2611659,377,90618
2021-02-07,IT,Italy,EURO,13439,2625098,385,91003
2021-02-08,IT,Italy,EURO,11640,2636738,270,91273
2021-02-09,IT,Italy,EURO,7969,2644707,307,91580
2021-02-10,IT,Italy,EURO,10612,2655319,422,92002
2021-02-11,IT,Italy,EURO,12947,2668266,336,92338
2021-02-12,IT,Italy,EURO,15137,2683403,391,92729
2021-02-13,IT,Italy,EURO,13893,2697296,316,93045
2021-02-14,IT,Italy,EURO,13523,2710819,311,93356
2021-02-15,IT,Italy,EURO,11060,2721879,221,93577
2021-02-16,IT,Italy,EURO,7344,2729223,258,93835
2021-02-17,IT,Italy,EURO,10368,2739591,336,94171
2021-02-18,IT,Italy,EURO,12066,2751657,369,94540
2021-02-19,IT,Italy,EURO,13755,2765412,347,94887
2021-02-20,IT,Italy,EURO,15470,2780882,348,95235
2021-02-21,IT,Italy,EURO,14914,2795796,251,95486
2021-02-22,IT,Italy,EURO,13450,2809246,232,95718
2021-02-23,IT,Italy,EURO,9617,2818863,274,95992
2021-02-24,IT,Italy,EURO,13299,2832162,356,96348
2021-02-25,IT,Italy,EURO,16402,2848564,318,96666
2021-02-26,IT,Italy,EURO,19871,2868435,308,96974
2021-02-27,IT,Italy,EURO,20488,2888923,253,97227
2021-02-28,IT,Italy,EURO,18902,2907825,280,97507
2021-03-01,IT,Italy,EURO,17440,2925265,192,97699
2021-03-02,IT,Italy,EURO,13106,2938371,246,97945
2021-03-03,IT,Italy,EURO,17063,2955434,343,98288
2021-03-04,IT,Italy,EURO,20840,2976274,347,98635
2021-03-05,IT,Italy,EURO,22845,2999119,339,98974
2021-03-06,IT,Italy,EURO,24010,3023129,297,99271
2021-03-07,IT,Italy,EURO,23633,3046762,307,99578
2021-03-08,IT,Italy,EURO,20724,3067486,207,99785
2021-03-09,IT,Italy,EURO,13882,3081368,318,100103
2021-03-10,IT,Italy,EURO,19725,3101093,376,100479
2021-03-11,IT,Italy,EURO,22275,3123368,332,100811
2021-03-12,IT,Italy,EURO,25649,3149017,373,101184
2021-03-13,IT,Italy,EURO,26790,3175807,380,101564
2021-03-14,IT,Italy,EURO,26031,3201838,317,101881
2021-03-15,IT,Italy,EURO,21304,3223142,264,102145
2021-03-16,IT,Italy,EURO,15252,3238394,354,102499
2021-03-17,IT,Italy,EURO,20376,3258770,502,103001
2021-03-18,IT,Italy,EURO,23040,3281810,431,103432
2021-03-19,IT,Italy,EURO,24901,3306711,423,103855
2021-03-20,IT,Italy,EURO,25707,3332418,386,104241
2021-03-21,IT,Italy,EURO,23913,3356331,401,104642
2021-03-22,IT,Italy,EURO,20045,3376376,300,104942
2021-03-23,IT,Italy,EURO,24501,3400877,386,105328
2021-03-24,IT,Italy,EURO,18739,3419616,551,105879
2021-03-25,IT,Italy,EURO,21246,3440862,460,106339
2021-03-26,IT,Italy,EURO,23681,3464543,460,106799
2021-03-27,IT,Italy,EURO,24076,3488619,457,107256
2021-03-28,IT,Italy,EURO,23834,3512453,380,107636
2021-03-29,IT,Italy,EURO,19604,3532057,297,107933
2021-03-30,IT,Italy,EURO,12900,3544957,417,108350
2021-03-31,IT,Italy,EURO,16055,3561012,529,108879
2021-04-01,IT,Italy,EURO,23887,3584899,467,109346
2021-04-02,IT,Italy,EURO,22184,3607083,501,109847
2021-04-03,IT,Italy,EURO,21917,3629000,481,110328
2021-04-04,IT,Italy,EURO,21247,3650247,376,110704
2021-04-05,IT,Italy,EURO,18017,3668264,326,111030
2021-04-06,IT,Italy,EURO,10680,3678944,296,111326
2021-04-07,IT,Italy,EURO,7763,3686707,421,111747
2021-04-08,IT,Italy,EURO,13686,3700393,627,112374
2021-04-09,IT,Italy,EURO,17209,3717602,487,112861
2021-04-10,IT,Italy,EURO,18924,3736526,718,113579
2021-04-11,IT,Italy,EURO,17551,3754077,344,113923
2021-04-12,IT,Italy,EURO,15737,3769814,331,114254
2021-04-13,IT,Italy,EURO,9780,3779594,358,114612
2021-04-14,IT,Italy,EURO,13439,3793033,476,115088
2021-04-15,IT,Italy,EURO,16160,3809193,469,115557
2021-04-16,IT,Italy,EURO,16963,3826156,380,115937
2021-04-17,IT,Italy,EURO,15923,3842079,429,116366
2021-04-18,IT,Italy,EURO,15364,3857443,310,116676
2021-04-19,IT,Italy,EURO,12688,3870131,251,116927
2021-04-20,IT,Italy,EURO,8863,3878994,316,117243
2021-04-21,IT,Italy,EURO,12069,3891063,390,117633
2021-04-22,IT,Italy,EURO,13836,3904899,364,117997
2021-04-23,IT,Italy,EURO,16046,3920945,360,118357
2021-04-24,IT,Italy,EURO,14758,3935703,342,118699
2021-04-25,IT,Italy,EURO,13814,3949517,322,119021
2021-04-26,IT,Italy,EURO,13157,3962674,217,119238
2021-04-27,IT,Italy,EURO,8440,3971114,301,119539
2021-04-28,IT,Italy,EURO,10398,3981512,373,119912
2021-04-29,IT,Italy,EURO,13382,3994894,344,120256
2021-04-30,IT,Italy,EURO,14314,4009208,288,120544
2021-05-01,IT,Italy,EURO,13445,4022653,263,120807
2021-05-02,IT,Italy,EURO,12964,4035617,226,121033
2021-05-03,IT,Italy,EURO,9145,4044762,144,121177
2021-05-04,IT,Italy,EURO,5946,4050708,256,121433
2021-05-05,IT,Italy,EURO,9113,4059821,305,121738
2021-05-06,IT,Italy,EURO,10579,4070400,267,122005
2021-05-07,IT,Italy,EURO,11798,4082198,258,122263
2021-05-08,IT,Italy,EURO,10549,4092747,207,122470
2021-05-09,IT,Italy,EURO,10174,4102921,224,122694
2021-05-10,IT,Italy,EURO,8289,4111210,139,122833
2021-05-11,IT,Italy,EURO,5077,4116287,198,123031
2021-05-12,IT,Italy,EURO,6943,4123230,251,123282
2021-05-13,IT,Italy,EURO,7848,4131078,262,123544
2021-05-14,IT,Italy,EURO,8082,4139160,201,123745
2021-05-15,IT,Italy,EURO,7562,4146722,182,123927
2021-05-16,IT,Italy,EURO,6652,4153374,136,124063
2021-05-17,IT,Italy,EURO,5748,4159122,93,124156
2021-05-18,IT,Italy,EURO,3454,4162576,140,124296
2021-05-19,IT,Italy,EURO,4449,4167025,201,124497
2021-05-20,IT,Italy,EURO,5500,4172525,149,124646
2021-05-21,IT,Italy,EURO,5736,4178261,164,124810
2021-05-22,IT,Italy,EURO,5215,4183476,218,125028
2021-05-23,IT,Italy,EURO,4714,4188190,125,125153
2021-05-24,IT,Italy,EURO,3993,4192183,72,125225
2021-05-25,IT,Italy,EURO,2489,4194672,110,125335
2021-05-26,IT,Italy,EURO,3220,4197892,166,125501
2021-05-27,IT,Italy,EURO,3935,4201827,121,125622
2021-05-28,IT,Italy,EURO,4143,4205970,171,125793
2021-05-29,IT,Italy,EURO,3737,4209707,126,125919
2021-05-30,IT,Italy,EURO,3348,4213055,83,126002
2021-05-31,IT,Italy,EURO,2948,4216003,44,126046
2021-06-01,IT,Italy,EURO,1818,4217821,82,126128
2021-06-02,IT,Italy,EURO,2483,4220304,93,126221
2021-06-03,IT,Italy,EURO,2896,4223200,62,126283
2021-06-04,IT,Italy,EURO,1963,4225163,59,126342
2021-06-05,IT,Italy,EURO,2556,4227719,73,126415
2021-06-06,IT,Italy,EURO,2434,4230153,57,126472
2021-06-07,IT,Italy,EURO,2275,4232428,51,126523
2021-06-08,IT,Italy,EURO,1270,4233698,65,126588
2021-06-09,IT,Italy,EURO,1894,4235592,102,126690
2021-06-10,IT,Italy,EURO,2198,4237790,77,126767
2021-06-11,IT,Italy,EURO,2078,4239868,88,126855
2021-06-12,IT,Italy,EURO,1892,4241760,69,126924
2021-06-13,IT,Italy,EURO,1722,4243482,52,126976
2021-06-14,IT,Italy,EURO,1390,4244872,26,127002
2021-06-15,IT,Italy,EURO,907,4245779,36,127038
2021-06-16,IT,Italy,EURO,1253,4247032,63,127101
2021-06-17,IT,Italy,EURO,1400,4248432,52,127153
2021-06-18,IT,Italy,EURO,1323,4249755,37,127190
2021-06-19,IT,Italy,EURO,1147,4250902,35,127225
2021-06-20,IT,Italy,EURO,1193,4252095,28,127253
2021-06-21,IT,Italy,EURO,881,4252976,17,127270
2021-06-22,IT,Italy,EURO,484,4253460,21,127291
2021-06-23,IT,Italy,EURO,834,4254294,31,127322
2021-06-24,IT,Italy,EURO,1140,4255434,30,127352
2021-06-25,IT,Italy,EURO,266,4255700,10,127362
2021-06-26,IT,Italy,EURO,751,4256451,56,127418
2021-06-27,IT,Italy,EURO,838,4257289,40,127458
2021-06-28,IT,Italy,EURO,780,4258069,14,127472
2021-06-29,IT,Italy,EURO,387,4258456,28,127500
2021-06-30,IT,Italy,EURO,677,4259133,42,127542
2021-07-01,IT,Italy,EURO,776,4259909,24,127566
2021-07-02,IT,Italy,EURO,879,4260788,21,127587
2021-07-03,IT,Italy,EURO,794,4261582,28,127615
2021-07-04,IT,Italy,EURO,929,4262511,22,127637
2021-07-05,IT,Italy,EURO,806,4263317,12,127649
2021-07-06,IT,Italy,EURO,480,4263797,31,127680
2021-07-07,IT,Italy,EURO,907,4264704,24,127704
2021-07-08,IT,Italy,EURO,1010,4265714,14,127718
2021-07-09,IT,Italy,EURO,1391,4267105,13,127731
2021-07-10,IT,Italy,EURO,1386,4268491,25,127756
2021-07-11,IT,Italy,EURO,1394,4269885,12,127768
2021-07-12,IT,Italy,EURO,1391,4271276,7,127775
2021-07-13,IT,Italy,EURO,887,4272163,13,127788
2021-07-14,IT,Italy,EURO,1530,4273693,20,127808
2021-07-15,IT,Italy,EURO,2153,4275846,23,127831
2021-07-16,IT,Italy,EURO,2473,4278319,9,127840
2021-07-17,IT,Italy,EURO,2895,4281214,11,127851
2021-07-18,IT,Italy,EURO,3118,4284332,13,127864
2021-07-19,IT,Italy,EURO,3126,4287458,3,127867
2021-07-20,IT,Italy,EURO,2070,4289528,7,127874
2021-07-21,IT,Italy,EURO,3555,4293083,10,127884
2021-07-22,IT,Italy,EURO,4254,4297337,21,127905
2021-07-23,IT,Italy,EURO,5056,4302393,15,127920
2021-07-24,IT,Italy,EURO,5142,4307535,17,127937
2021-07-25,IT,Italy,EURO,5138,4312673,5,127942
2021-07-26,IT,Italy,EURO,4742,4317415,7,127949
2021-07-27,IT,Italy,EURO,3115,4320530,22,127971
2021-07-28,IT,Italy,EURO,4516,4325046,24,127995
2021-07-29,IT,Italy,EURO,5693,4330739,15,128010
2021-07-30,IT,Italy,EURO,6167,4336906,19,128029
2021-07-31,IT,Italy,EURO,6613,4343519,18,128047
2021-08-01,IT,Italy,EURO,6509,4350028,16,128063
2021-08-02,IT,Italy,EURO,5320,4355348,5,128068
2021-08-03,IT,Italy,EURO,3185,4358533,20,128088
2021-08-04,IT,Italy,EURO,4841,4363374,27,128115
2021-08-05,IT,Italy,EURO,6590,4369964,21,128136
2021-08-06,IT,Italy,EURO,7224,4377188,27,128163
2021-08-07,IT,Italy,EURO,6599,4383787,24,128187
2021-08-08,IT,Italy,EURO,6897,4390684,22,128209
2021-08-09,IT,Italy,EURO,5733,4396417,11,128220
2021-08-10,IT,Italy,EURO,4200,4400617,22,128242
2021-08-11,IT,Italy,EURO,5624,4406241,31,128273
2021-08-12,IT,Italy,EURO,6921,4413162,31,128304
2021-08-13,IT,Italy,EURO,7267,4420429,30,128334
2021-08-14,IT,Italy,EURO,7398,4427827,45,128379
2021-08-15,IT,Italy,EURO,7181,4435008,34,128413
2021-08-16,IT,Italy,EURO,5661,4440669,19,128432
2021-08-17,IT,Italy,EURO,3669,4444338,24,128456
2021-08-18,IT,Italy,EURO,5268,4449606,54,128510
2021-08-19,IT,Italy,EURO,7159,4456765,69,128579
2021-08-20,IT,Italy,EURO,7240,4464005,55,128634
2021-08-21,IT,Italy,EURO,7220,4471225,49,128683
2021-08-22,IT,Italy,EURO,7466,4478691,45,128728
2021-08-23,IT,Italy,EURO,5922,4484613,23,128751
2021-08-24,IT,Italy,EURO,4166,4488779,44,128795
2021-08-25,IT,Italy,EURO,6078,4494857,60,128855
2021-08-26,IT,Italy,EURO,7539,4502396,59,128914
2021-08-27,IT,Italy,EURO,7215,4509611,43,128957
2021-08-28,IT,Italy,EURO,7823,4517434,45,129002
2021-08-29,IT,Italy,EURO,6858,4524292,54,129056
2021-08-30,IT,Italy,EURO,5954,4530246,37,129093
2021-08-31,IT,Italy,EURO,4253,4534499,53,129146
2021-09-01,IT,Italy,EURO,5492,4539991,75,129221
2021-09-02,IT,Italy,EURO,6496,4546487,69,129290
2021-09-03,IT,Italy,EURO,6754,4553241,62,129352
2021-09-04,IT,Italy,EURO,6729,4559970,58,129410
2021-09-05,IT,Italy,EURO,6156,4566126,56,129466
2021-09-06,IT,Italy,EURO,5314,4571440,49,129515
2021-09-07,IT,Italy,EURO,3347,4574787,52,129567
2021-09-08,IT,Italy,EURO,4715,4579502,71,129638
2021-09-09,IT,Italy,EURO,5921,4585423,69,129707
2021-09-10,IT,Italy,EURO,5518,4590941,59,129766
2021-09-11,IT,Italy,EURO,5617,4596558,62,129828
2021-09-12,IT,Italy,EURO,5191,4601749,57,129885
2021-09-13,IT,Italy,EURO,4664,4606413,34,129919
2021-09-14,IT,Italy,EURO,2792,4609205,36,129955
2021-09-15,IT,Italy,EURO,4009,4613214,72,130027
2021-09-16,IT,Italy,EURO,4826,4618040,73,130100
2020-01-03,JP,Japan,WPRO,0,0,0,0
2020-01-04,JP,Japan,WPRO,0,0,0,0
2020-01-05,JP,Japan,WPRO,0,0,0,0
2020-01-06,JP,Japan,WPRO,0,0,0,0
2020-01-07,JP,Japan,WPRO,0,0,0,0
2020-01-08,JP,Japan,WPRO,0,0,0,0
2020-01-09,JP,Japan,WPRO,0,0,0,0
2020-01-10,JP,Japan,WPRO,0,0,0,0
2020-01-11,JP,Japan,WPRO,0,0,0,0
2020-01-12,JP,Japan,WPRO,0,0,0,0
2020-01-13,JP,Japan,WPRO,0,0,0,0
2020-01-14,JP,Japan,WPRO,1,1,0,0
2020-01-15,JP,Japan,WPRO,0,1,0,0
2020-01-16,JP,Japan,WPRO,0,1,0,0
2020-01-17,JP,Japan,WPRO,0,1,0,0
2020-01-18,JP,Japan,WPRO,0,1,0,0
2020-01-19,JP,Japan,WPRO,0,1,0,0
2020-01-20,JP,Japan,WPRO,0,1,0,0
2020-01-21,JP,Japan,WPRO,0,1,0,0
2020-01-22,JP,Japan,WPRO,0,1,0,0
2020-01-23,JP,Japan,WPRO,0,1,0,0
2020-01-24,JP,Japan,WPRO,0,1,0,0
2020-01-25,JP,Japan,WPRO,1,2,0,0
2020-01-26,JP,Japan,WPRO,1,3,0,0
2020-01-27,JP,Japan,WPRO,1,4,0,0
2020-01-28,JP,Japan,WPRO,0,4,0,0
2020-01-29,JP,Japan,WPRO,3,7,0,0
2020-01-30,JP,Japan,WPRO,1,8,0,0
2020-01-31,JP,Japan,WPRO,4,12,0,0
2020-02-01,JP,Japan,WPRO,1,13,0,0
2020-02-02,JP,Japan,WPRO,2,15,0,0
2020-02-03,JP,Japan,WPRO,5,20,0,0
2020-02-04,JP,Japan,WPRO,0,20,0,0
2020-02-05,JP,Japan,WPRO,3,23,0,0
2020-02-06,JP,Japan,WPRO,2,25,0,0
2020-02-07,JP,Japan,WPRO,0,25,0,0
2020-02-08,JP,Japan,WPRO,0,25,0,0
2020-02-09,JP,Japan,WPRO,0,25,0,0
2020-02-10,JP,Japan,WPRO,0,25,0,0
2020-02-11,JP,Japan,WPRO,1,26,0,0
2020-02-12,JP,Japan,WPRO,2,28,0,0
2020-02-13,JP,Japan,WPRO,0,28,1,1
2020-02-14,JP,Japan,WPRO,5,33,0,1
2020-02-15,JP,Japan,WPRO,7,40,0,1
2020-02-16,JP,Japan,WPRO,12,52,0,1
2020-02-17,JP,Japan,WPRO,6,58,0,1
2020-02-18,JP,Japan,WPRO,7,65,0,1
2020-02-19,JP,Japan,WPRO,8,73,0,1
2020-02-20,JP,Japan,WPRO,1,74,0,1
2020-02-21,JP,Japan,WPRO,19,93,0,1
2020-02-22,JP,Japan,WPRO,12,105,0,1
2020-02-23,JP,Japan,WPRO,27,132,0,1
2020-02-24,JP,Japan,WPRO,12,144,0,1
2020-02-25,JP,Japan,WPRO,12,156,0,1
2020-02-26,JP,Japan,WPRO,8,164,1,2
2020-02-27,JP,Japan,WPRO,22,186,2,4
2020-02-28,JP,Japan,WPRO,24,210,0,4
2020-02-29,JP,Japan,WPRO,20,230,1,5
2020-03-01,JP,Japan,WPRO,9,239,1,6
2020-03-02,JP,Japan,WPRO,15,254,0,6
2020-03-03,JP,Japan,WPRO,14,268,0,6
2020-03-04,JP,Japan,WPRO,16,284,0,6
2020-03-05,JP,Japan,WPRO,33,317,0,6
2020-03-06,JP,Japan,WPRO,32,349,0,6
2020-03-07,JP,Japan,WPRO,59,408,0,6
2020-03-08,JP,Japan,WPRO,47,455,0,6
2020-03-09,JP,Japan,WPRO,34,489,4,10
2020-03-10,JP,Japan,WPRO,25,514,0,10
2020-03-11,JP,Japan,WPRO,54,568,5,15
2020-03-12,JP,Japan,WPRO,51,619,1,16
2020-03-13,JP,Japan,WPRO,56,675,3,19
2020-03-14,JP,Japan,WPRO,41,716,3,22
2020-03-15,JP,Japan,WPRO,64,780,0,22
2020-03-16,JP,Japan,WPRO,34,814,5,27
2020-03-17,JP,Japan,WPRO,15,829,2,29
2020-03-18,JP,Japan,WPRO,44,873,0,29
2020-03-19,JP,Japan,WPRO,41,914,0,29
2020-03-20,JP,Japan,WPRO,36,950,4,33
2020-03-21,JP,Japan,WPRO,46,996,2,35
2020-03-22,JP,Japan,WPRO,50,1046,5,40
2020-03-23,JP,Japan,WPRO,43,1089,0,40
2020-03-24,JP,Japan,WPRO,39,1128,2,42
2020-03-25,JP,Japan,WPRO,65,1193,1,43
2020-03-26,JP,Japan,WPRO,98,1291,2,45
2020-03-27,JP,Japan,WPRO,96,1387,1,46
2020-03-28,JP,Japan,WPRO,112,1499,3,49
2020-03-29,JP,Japan,WPRO,194,1693,3,52
2020-03-30,JP,Japan,WPRO,173,1866,2,54
2020-03-31,JP,Japan,WPRO,87,1953,2,56
2020-04-01,JP,Japan,WPRO,225,2178,1,57
2020-04-02,JP,Japan,WPRO,378,2556,3,60
2020-04-03,JP,Japan,WPRO,61,2617,3,63
2020-04-04,JP,Japan,WPRO,318,2935,6,69
2020-04-05,JP,Japan,WPRO,336,3271,1,70
2020-04-06,JP,Japan,WPRO,383,3654,3,73
2020-04-07,JP,Japan,WPRO,252,3906,7,80
2020-04-08,JP,Japan,WPRO,351,4257,1,81
2020-04-09,JP,Japan,WPRO,511,4768,4,85
2020-04-10,JP,Japan,WPRO,579,5347,3,88
2020-04-11,JP,Japan,WPRO,658,6005,6,94
2020-04-12,JP,Japan,WPRO,743,6748,4,98
2020-04-13,JP,Japan,WPRO,507,7255,4,102
2020-04-14,JP,Japan,WPRO,390,7645,7,109
2020-04-15,JP,Japan,WPRO,455,8100,10,119
2020-04-16,JP,Japan,WPRO,482,8582,17,136
2020-04-17,JP,Japan,WPRO,585,9167,12,148
2020-04-18,JP,Japan,WPRO,628,9795,6,154
2020-04-19,JP,Japan,WPRO,566,10361,7,161
2020-04-20,JP,Japan,WPRO,390,10751,10,171
2020-04-21,JP,Japan,WPRO,368,11119,15,186
2020-04-22,JP,Japan,WPRO,377,11496,91,277
2020-04-23,JP,Japan,WPRO,423,11919,10,287
2020-04-24,JP,Japan,WPRO,469,12388,30,317
2020-04-25,JP,Japan,WPRO,441,12829,17,334
2020-04-26,JP,Japan,WPRO,353,13182,14,348
2020-04-27,JP,Japan,WPRO,203,13385,3,351
2020-04-28,JP,Japan,WPRO,191,13576,25,376
2020-04-29,JP,Japan,WPRO,276,13852,13,389
2020-04-30,JP,Japan,WPRO,236,14088,26,415
2020-05-01,JP,Japan,WPRO,193,14281,17,432
2020-05-02,JP,Japan,WPRO,264,14545,26,458
2020-05-03,JP,Japan,WPRO,294,14839,34,492
2020-05-04,JP,Japan,WPRO,218,15057,18,510
2020-05-05,JP,Japan,WPRO,174,15231,11,521
2020-05-06,JP,Japan,WPRO,123,15354,22,543
2020-05-07,JP,Japan,WPRO,109,15463,8,551
2020-05-08,JP,Japan,WPRO,84,15547,6,557
2020-05-09,JP,Japan,WPRO,81,15628,44,601
2020-05-10,JP,Japan,WPRO,119,15747,12,613
2020-05-11,JP,Japan,WPRO,51,15798,8,621
2020-05-12,JP,Japan,WPRO,76,15874,22,643
2020-05-13,JP,Japan,WPRO,150,16024,25,668
2020-05-14,JP,Japan,WPRO,55,16079,19,687
2020-05-15,JP,Japan,WPRO,114,16193,23,710
2020-05-16,JP,Japan,WPRO,44,16237,15,725
2020-05-17,JP,Japan,WPRO,48,16285,19,744
2020-05-18,JP,Japan,WPRO,20,16305,5,749
2020-05-19,JP,Japan,WPRO,60,16365,14,763
2020-05-20,JP,Japan,WPRO,20,16385,8,771
2020-05-21,JP,Japan,WPRO,39,16424,6,777
2020-05-22,JP,Japan,WPRO,89,16513,19,796
2020-05-23,JP,Japan,WPRO,23,16536,12,808
2020-05-24,JP,Japan,WPRO,14,16550,12,820
2020-05-25,JP,Japan,WPRO,31,16581,10,830
2020-05-26,JP,Japan,WPRO,42,16623,16,846
2020-05-27,JP,Japan,WPRO,28,16651,12,858
2020-05-28,JP,Japan,WPRO,32,16683,9,867
2020-05-29,JP,Japan,WPRO,36,16719,7,874
2020-05-30,JP,Japan,WPRO,85,16804,12,886
2020-05-31,JP,Japan,WPRO,47,16851,5,891
2020-06-01,JP,Japan,WPRO,33,16884,1,892
2020-06-02,JP,Japan,WPRO,46,16930,2,894
2020-06-03,JP,Japan,WPRO,56,16986,6,900
2020-06-04,JP,Japan,WPRO,32,17018,3,903
2020-06-05,JP,Japan,WPRO,46,17064,4,907
2020-06-06,JP,Japan,WPRO,39,17103,7,914
2020-06-07,JP,Japan,WPRO,38,17141,2,916
2020-06-08,JP,Japan,WPRO,33,17174,0,916
2020-06-09,JP,Japan,WPRO,36,17210,0,916
2020-06-10,JP,Japan,WPRO,41,17251,3,919
2020-06-11,JP,Japan,WPRO,41,17292,1,920
2020-06-12,JP,Japan,WPRO,40,17332,2,922
2020-06-13,JP,Japan,WPRO,50,17382,2,924
2020-06-14,JP,Japan,WPRO,47,17429,1,925
2020-06-15,JP,Japan,WPRO,73,17502,0,925
2020-06-16,JP,Japan,WPRO,85,17587,2,927
2020-06-17,JP,Japan,WPRO,41,17628,4,931
2020-06-18,JP,Japan,WPRO,40,17668,4,935
2020-06-19,JP,Japan,WPRO,72,17740,0,935
2020-06-20,JP,Japan,WPRO,59,17799,17,952
2020-06-21,JP,Japan,WPRO,65,17864,1,953
2020-06-22,JP,Japan,WPRO,52,17916,0,953
2020-06-23,JP,Japan,WPRO,52,17968,2,955
2020-06-24,JP,Japan,WPRO,56,18024,8,963
2020-06-25,JP,Japan,WPRO,86,18110,5,968
2020-06-26,JP,Japan,WPRO,87,18197,1,969
2020-06-27,JP,Japan,WPRO,100,18297,2,971
2020-06-28,JP,Japan,WPRO,93,18390,0,971
2020-06-29,JP,Japan,WPRO,86,18476,1,972
2020-06-30,JP,Japan,WPRO,117,18593,2,974
2020-07-01,JP,Japan,WPRO,130,18723,0,974
2020-07-02,JP,Japan,WPRO,151,18874,1,975
2020-07-03,JP,Japan,WPRO,194,19068,1,976
2020-07-04,JP,Japan,WPRO,214,19282,1,977
2020-07-05,JP,Japan,WPRO,240,19522,0,977
2020-07-06,JP,Japan,WPRO,253,19775,0,977
2020-07-07,JP,Japan,WPRO,206,19981,1,978
2020-07-08,JP,Japan,WPRO,193,20174,2,980
2020-07-09,JP,Japan,WPRO,197,20371,1,981
2020-07-10,JP,Japan,WPRO,348,20719,1,982
2020-07-11,JP,Japan,WPRO,410,21129,0,982
2020-07-12,JP,Japan,WPRO,373,21502,0,982
2020-07-13,JP,Japan,WPRO,366,21868,0,982
2020-07-14,JP,Japan,WPRO,352,22220,0,982
2020-07-15,JP,Japan,WPRO,288,22508,2,984
2020-07-16,JP,Japan,WPRO,382,22890,1,985
2020-07-17,JP,Japan,WPRO,583,23473,0,985
2020-07-18,JP,Japan,WPRO,659,24132,0,985
2020-07-19,JP,Japan,WPRO,510,24642,0,985
2020-07-20,JP,Japan,WPRO,454,25096,0,985
2020-07-21,JP,Japan,WPRO,640,25736,3,988
2020-07-22,JP,Japan,WPRO,567,26303,1,989
2020-07-23,JP,Japan,WPRO,726,27029,1,990
2020-07-24,JP,Japan,WPRO,927,27956,2,992
2020-07-25,JP,Japan,WPRO,830,28786,1,993
2020-07-26,JP,Japan,WPRO,596,29382,3,996
2020-07-27,JP,Japan,WPRO,607,29989,0,996
2020-07-28,JP,Japan,WPRO,972,30961,2,998
2020-07-29,JP,Japan,WPRO,940,31901,3,1001
2020-07-30,JP,Japan,WPRO,1148,33049,3,1004
2020-07-31,JP,Japan,WPRO,1323,34372,2,1006
2020-08-01,JP,Japan,WPRO,1464,35836,5,1011
2020-08-02,JP,Japan,WPRO,853,36689,0,1011
2020-08-03,JP,Japan,WPRO,1998,38687,1,1012
2020-08-04,JP,Japan,WPRO,1171,39858,4,1016
2020-08-05,JP,Japan,WPRO,1271,41129,6,1022
2020-08-06,JP,Japan,WPRO,1134,42263,4,1026
2020-08-07,JP,Japan,WPRO,1552,43815,7,1033
2020-08-08,JP,Japan,WPRO,1624,45439,6,1039
2020-08-09,JP,Japan,WPRO,1344,46783,1,1040
2020-08-10,JP,Japan,WPRO,1207,47990,7,1047
2020-08-11,JP,Japan,WPRO,938,48928,5,1052
2020-08-12,JP,Japan,WPRO,1282,50210,7,1059
2020-08-13,JP,Japan,WPRO,937,51147,4,1063
2020-08-14,JP,Japan,WPRO,1070,52217,10,1073
2020-08-15,JP,Japan,WPRO,1360,53577,12,1085
2020-08-16,JP,Japan,WPRO,1137,54714,3,1088
2020-08-17,JP,Japan,WPRO,953,55667,11,1099
2020-08-18,JP,Japan,WPRO,1018,56685,16,1115
2020-08-19,JP,Japan,WPRO,865,57550,13,1128
2020-08-20,JP,Japan,WPRO,951,58501,16,1144
2020-08-21,JP,Japan,WPRO,1220,59721,11,1155
2020-08-22,JP,Japan,WPRO,1012,60733,14,1169
2020-08-23,JP,Japan,WPRO,1014,61747,7,1176
2020-08-24,JP,Japan,WPRO,760,62507,5,1181
2020-08-25,JP,Japan,WPRO,614,63121,15,1196
2020-08-26,JP,Japan,WPRO,701,63822,13,1209
2020-08-27,JP,Japan,WPRO,846,64668,17,1226
2020-08-28,JP,Japan,WPRO,905,65573,12,1238
2020-08-29,JP,Japan,WPRO,850,66423,17,1255
2020-08-30,JP,Japan,WPRO,841,67264,9,1264
2020-08-31,JP,Japan,WPRO,601,67865,15,1279
2020-09-01,JP,Japan,WPRO,527,68392,17,1296
2020-09-02,JP,Japan,WPRO,609,69001,11,1307
2020-09-03,JP,Japan,WPRO,598,69599,12,1319
2020-09-04,JP,Japan,WPRO,669,70268,11,1330
2020-09-05,JP,Japan,WPRO,608,70876,19,1349
2020-09-06,JP,Japan,WPRO,543,71419,8,1357
2020-09-07,JP,Japan,WPRO,437,71856,6,1363
2020-09-08,JP,Japan,WPRO,378,72234,14,1377
2020-09-09,JP,Japan,WPRO,492,72726,16,1393
2020-09-10,JP,Japan,WPRO,495,73221,13,1406
2020-09-11,JP,Japan,WPRO,680,73901,6,1412
2020-09-12,JP,Japan,WPRO,643,74544,11,1423
2020-09-13,JP,Japan,WPRO,674,75218,16,1439
2020-09-14,JP,Japan,WPRO,439,75657,3,1442
2020-09-15,JP,Japan,WPRO,301,75958,9,1451
2020-09-16,JP,Japan,WPRO,490,76448,10,1461
2020-09-17,JP,Japan,WPRO,561,77009,12,1473
2020-09-18,JP,Japan,WPRO,485,77494,9,1482
2020-09-19,JP,Japan,WPRO,579,78073,13,1495
2020-09-20,JP,Japan,WPRO,584,78657,5,1500
2020-09-21,JP,Japan,WPRO,483,79140,0,1500
2020-09-22,JP,Japan,WPRO,298,79438,8,1508
2020-09-23,JP,Japan,WPRO,330,79768,4,1512
2020-09-24,JP,Japan,WPRO,273,80041,8,1520
2020-09-25,JP,Japan,WPRO,456,80497,12,1532
2020-09-26,JP,Japan,WPRO,558,81055,8,1540
2020-09-27,JP,Japan,WPRO,635,81690,5,1545
2020-09-28,JP,Japan,WPRO,441,82131,3,1548
2020-09-29,JP,Japan,WPRO,363,82494,9,1557
2020-09-30,JP,Japan,WPRO,516,83010,7,1564
2020-10-01,JP,Japan,WPRO,553,83563,7,1571
2020-10-02,JP,Japan,WPRO,652,84215,7,1578
2020-10-03,JP,Japan,WPRO,553,84768,12,1590
2020-10-04,JP,Japan,WPRO,571,85339,7,1597
2020-10-05,JP,Japan,WPRO,400,85739,2,1599
2020-10-06,JP,Japan,WPRO,308,86047,3,1602
2020-10-07,JP,Japan,WPRO,496,86543,3,1605
2020-10-08,JP,Japan,WPRO,477,87020,8,1613
2020-10-09,JP,Japan,WPRO,619,87639,3,1616
2020-10-10,JP,Japan,WPRO,594,88233,8,1624
2020-10-11,JP,Japan,WPRO,679,88912,3,1627
2020-10-12,JP,Japan,WPRO,435,89347,2,1629
2020-10-13,JP,Japan,WPRO,326,89673,5,1634
2020-10-14,JP,Japan,WPRO,467,90140,4,1638
2020-10-15,JP,Japan,WPRO,570,90710,8,1646
2020-10-16,JP,Japan,WPRO,721,91431,4,1650
2020-10-17,JP,Japan,WPRO,632,92063,11,1661
2020-10-18,JP,Japan,WPRO,593,92656,9,1670
2020-10-19,JP,Japan,WPRO,471,93127,4,1674
2020-10-20,JP,Japan,WPRO,353,93480,2,1676
2020-10-21,JP,Japan,WPRO,453,93933,3,1679
2020-10-22,JP,Japan,WPRO,591,94524,6,1685
2020-10-23,JP,Japan,WPRO,614,95138,9,1694
2020-10-24,JP,Japan,WPRO,697,95835,12,1706
2020-10-25,JP,Japan,WPRO,699,96534,5,1711
2020-10-26,JP,Japan,WPRO,540,97074,7,1718
2020-10-27,JP,Japan,WPRO,424,97498,7,1725
2020-10-28,JP,Japan,WPRO,618,98116,5,1730
2020-10-29,JP,Japan,WPRO,736,98852,3,1733
2020-10-30,JP,Japan,WPRO,770,99622,11,1744
2020-10-31,JP,Japan,WPRO,770,100392,11,1755
2020-11-01,JP,Japan,WPRO,754,101146,11,1766
2020-11-02,JP,Japan,WPRO,667,101813,8,1774
2020-11-03,JP,Japan,WPRO,468,102281,6,1780
2020-11-04,JP,Japan,WPRO,619,102900,6,1786
2020-11-05,JP,Japan,WPRO,938,103838,8,1794
2020-11-06,JP,Japan,WPRO,944,104782,12,1806
2020-11-07,JP,Japan,WPRO,1132,105914,3,1809
2020-11-08,JP,Japan,WPRO,1172,107086,3,1812
2020-11-09,JP,Japan,WPRO,998,108084,6,1818
2020-11-10,JP,Japan,WPRO,899,108983,11,1829
2020-11-11,JP,Japan,WPRO,1173,110156,12,1841
2020-11-12,JP,Japan,WPRO,1555,111711,10,1851
2020-11-13,JP,Japan,WPRO,1587,113298,16,1867
2020-11-14,JP,Japan,WPRO,1685,114983,13,1880
2020-11-15,JP,Japan,WPRO,1694,116677,3,1883
2020-11-16,JP,Japan,WPRO,1459,118136,2,1885
2020-11-17,JP,Japan,WPRO,1190,119326,18,1903
2020-11-18,JP,Japan,WPRO,1489,120815,10,1913
2020-11-19,JP,Japan,WPRO,2151,122966,9,1922
2020-11-20,JP,Japan,WPRO,2301,125267,21,1943
2020-11-21,JP,Japan,WPRO,2398,127665,20,1963
2020-11-22,JP,Japan,WPRO,2514,130179,11,1974
2020-11-23,JP,Japan,WPRO,2179,132358,7,1981
2020-11-24,JP,Japan,WPRO,1571,133929,8,1989
2020-11-25,JP,Japan,WPRO,1471,135400,12,2001
2020-11-26,JP,Japan,WPRO,1861,137261,21,2022
2020-11-27,JP,Japan,WPRO,2230,139491,29,2051
2020-11-28,JP,Japan,WPRO,2577,142068,23,2074
2020-11-29,JP,Japan,WPRO,2585,144653,32,2106
2020-11-30,JP,Japan,WPRO,2107,146760,13,2119
2020-12-01,JP,Japan,WPRO,1934,148694,20,2139
2020-12-02,JP,Japan,WPRO,1692,150386,33,2172
2020-12-03,JP,Japan,WPRO,2441,152827,41,2213
2020-12-04,JP,Japan,WPRO,2405,155232,27,2240
2020-12-05,JP,Japan,WPRO,2442,157674,43,2283
2020-12-06,JP,Japan,WPRO,2424,160098,32,2315
2020-12-07,JP,Japan,WPRO,1969,162067,20,2335
2020-12-08,JP,Japan,WPRO,1862,163929,47,2382
2020-12-09,JP,Japan,WPRO,1911,165840,38,2420
2020-12-10,JP,Japan,WPRO,2733,168573,45,2465
2020-12-11,JP,Japan,WPRO,2969,171542,37,2502
2020-12-12,JP,Japan,WPRO,2757,174299,32,2534
2020-12-13,JP,Japan,WPRO,2988,177287,28,2562
2020-12-14,JP,Japan,WPRO,2366,179653,23,2585
2020-12-15,JP,Japan,WPRO,2217,181870,58,2643
2020-12-16,JP,Japan,WPRO,2172,184042,45,2688
2020-12-17,JP,Japan,WPRO,3061,187103,51,2739
2020-12-18,JP,Japan,WPRO,3035,190138,44,2783
2020-12-19,JP,Japan,WPRO,2893,193031,45,2828
2020-12-20,JP,Japan,WPRO,2849,195880,45,2873
2020-12-21,JP,Japan,WPRO,2643,198523,27,2900
2020-12-22,JP,Japan,WPRO,2135,200658,44,2944
2020-12-23,JP,Japan,WPRO,2455,203113,50,2994
2020-12-24,JP,Japan,WPRO,3026,206139,56,3050
2020-12-25,JP,Japan,WPRO,3841,209980,55,3105
2020-12-26,JP,Japan,WPRO,3567,213547,50,3155
2020-12-27,JP,Japan,WPRO,3765,217312,58,3213
2020-12-28,JP,Japan,WPRO,2924,220236,39,3252
2020-12-29,JP,Japan,WPRO,2884,223120,54,3306
2020-12-30,JP,Japan,WPRO,3476,226596,43,3349
2020-12-31,JP,Japan,WPRO,3708,230304,65,3414
2021-01-01,JP,Japan,WPRO,4091,234395,46,3460
2021-01-02,JP,Japan,WPRO,3617,238012,54,3514
2021-01-03,JP,Japan,WPRO,2942,240954,34,3548
2021-01-04,JP,Japan,WPRO,2893,243847,51,3599
2021-01-05,JP,Japan,WPRO,4113,247960,56,3655
2021-01-06,JP,Japan,WPRO,4357,252317,64,3719
2021-01-07,JP,Japan,WPRO,6076,258393,72,3791
2021-01-08,JP,Japan,WPRO,6906,265299,66,3857
2021-01-09,JP,Japan,WPRO,7855,273154,75,3932
2021-01-10,JP,Japan,WPRO,7621,280775,64,3996
2021-01-11,JP,Japan,WPRO,5977,286752,48,4044
2021-01-12,JP,Japan,WPRO,5460,292212,50,4094
2021-01-13,JP,Japan,WPRO,5103,297315,51,4145
2021-01-14,JP,Japan,WPRO,5308,302623,88,4233
2021-01-15,JP,Japan,WPRO,6591,309214,82,4315
2021-01-16,JP,Japan,WPRO,6696,315910,65,4380
2021-01-17,JP,Japan,WPRO,6386,322296,66,4446
2021-01-18,JP,Japan,WPRO,5998,328294,55,4501
2021-01-19,JP,Japan,WPRO,6034,334328,47,4548
2021-01-20,JP,Japan,WPRO,5446,339774,99,4647
2021-01-21,JP,Japan,WPRO,5447,345221,96,4743
2021-01-22,JP,Japan,WPRO,5799,351020,87,4830
2021-01-23,JP,Japan,WPRO,5054,356074,105,4935
2021-01-24,JP,Japan,WPRO,4587,360661,84,5019
2021-01-25,JP,Japan,WPRO,4152,364813,65,5084
2021-01-26,JP,Japan,WPRO,3330,368143,74,5158
2021-01-27,JP,Japan,WPRO,3537,371680,94,5252
2021-01-28,JP,Japan,WPRO,3927,375607,109,5361
2021-01-29,JP,Japan,WPRO,3909,379516,91,5452
2021-01-30,JP,Japan,WPRO,3567,383083,94,5546
2021-01-31,JP,Japan,WPRO,3659,386742,108,5654
2021-02-01,JP,Japan,WPRO,2776,389518,68,5722
2021-02-02,JP,Japan,WPRO,2108,391626,72,5794
2021-02-03,JP,Japan,WPRO,2210,393836,118,5912
2021-02-04,JP,Japan,WPRO,2593,396429,108,6020
2021-02-05,JP,Japan,WPRO,2619,399048,115,6135
2021-02-06,JP,Japan,WPRO,2307,401355,108,6243
2021-02-07,JP,Japan,WPRO,2080,403435,95,6338
2021-02-08,JP,Japan,WPRO,1555,404990,57,6395
2021-02-09,JP,Japan,WPRO,1776,406766,81,6476
2021-02-10,JP,Japan,WPRO,1420,408186,81,6557
2021-02-11,JP,Japan,WPRO,1826,410012,121,6678
2021-02-12,JP,Japan,WPRO,1739,411751,96,6774
2021-02-13,JP,Japan,WPRO,1403,413154,75,6849
2021-02-14,JP,Japan,WPRO,1318,414472,63,6912
2021-02-15,JP,Japan,WPRO,1310,415782,40,6952
2021-02-16,JP,Japan,WPRO,1983,417765,63,7015
2021-02-17,JP,Japan,WPRO,1250,419015,87,7102
2021-02-18,JP,Japan,WPRO,1393,420408,94,7196
2021-02-19,JP,Japan,WPRO,1559,421967,78,7274
2021-02-20,JP,Japan,WPRO,1344,423311,59,7333
2021-02-21,JP,Japan,WPRO,1196,424507,84,7417
2021-02-22,JP,Japan,WPRO,1090,425597,57,7474
2021-02-23,JP,Japan,WPRO,859,426456,55,7529
2021-02-24,JP,Japan,WPRO,1011,427467,55,7584
2021-02-25,JP,Japan,WPRO,1086,428553,63,7647
2021-02-26,JP,Japan,WPRO,919,429472,75,7722
2021-02-27,JP,Japan,WPRO,1067,430539,85,7807
2021-02-28,JP,Japan,WPRO,1201,431740,53,7860
2021-03-01,JP,Japan,WPRO,1033,432773,27,7887
2021-03-02,JP,Japan,WPRO,731,433504,46,7933
2021-03-03,JP,Japan,WPRO,852,434356,51,7984
2021-03-04,JP,Japan,WPRO,1192,435548,68,8052
2021-03-05,JP,Japan,WPRO,1180,436728,67,8119
2021-03-06,JP,Japan,WPRO,1164,437892,59,8178
2021-03-07,JP,Japan,WPRO,1064,438956,49,8227
2021-03-08,JP,Japan,WPRO,1036,439992,26,8253
2021-03-09,JP,Japan,WPRO,679,440671,46,8299
2021-03-10,JP,Japan,WPRO,1058,441729,54,8353
2021-03-11,JP,Japan,WPRO,1272,443001,49,8402
2021-03-12,JP,Japan,WPRO,1288,444289,49,8451
2021-03-13,JP,Japan,WPRO,1296,445585,58,8509
2021-03-14,JP,Japan,WPRO,1288,446873,51,8560
2021-03-15,JP,Japan,WPRO,1033,447906,30,8590
2021-03-16,JP,Japan,WPRO,782,448688,32,8622
2021-03-17,JP,Japan,WPRO,1025,449713,56,8678
2021-03-18,JP,Japan,WPRO,1473,451186,39,8717
2021-03-19,JP,Japan,WPRO,1516,452702,41,8758
2021-03-20,JP,Japan,WPRO,1456,454158,32,8790
2021-03-21,JP,Japan,WPRO,1480,455638,22,8812
2021-03-22,JP,Japan,WPRO,1143,456781,23,8835
2021-03-23,JP,Japan,WPRO,973,457754,26,8861
2021-03-24,JP,Japan,WPRO,1289,459043,47,8908
2021-03-25,JP,Japan,WPRO,1854,460897,30,8938
2021-03-26,JP,Japan,WPRO,1943,462840,29,8967
2021-03-27,JP,Japan,WPRO,2026,464866,31,8998
2021-03-28,JP,Japan,WPRO,1983,466849,33,9031
2021-03-29,JP,Japan,WPRO,1765,468614,30,9061
2021-03-30,JP,Japan,WPRO,1561,470175,25,9086
2021-03-31,JP,Japan,WPRO,1937,472112,27,9113
2021-04-01,JP,Japan,WPRO,2661,474773,49,9162
2021-04-02,JP,Japan,WPRO,2685,477458,23,9185
2021-04-03,JP,Japan,WPRO,2707,480165,28,9213
2021-04-04,JP,Japan,WPRO,2702,482867,8,9221
2021-04-05,JP,Japan,WPRO,2458,485325,10,9231
2021-04-06,JP,Japan,WPRO,2220,487545,18,9249
2021-04-07,JP,Japan,WPRO,2031,489576,30,9279
2021-04-08,JP,Japan,WPRO,3299,492875,22,9301
2021-04-09,JP,Japan,WPRO,3331,496206,33,9334
2021-04-10,JP,Japan,WPRO,3587,499793,19,9353
2021-04-11,JP,Japan,WPRO,3610,503403,29,9382
2021-04-12,JP,Japan,WPRO,2883,506286,18,9400
2021-04-13,JP,Japan,WPRO,2516,508802,25,9425
2021-04-14,JP,Japan,WPRO,3367,512169,44,9469
2021-04-15,JP,Japan,WPRO,3952,516121,31,9500
2021-04-16,JP,Japan,WPRO,4624,520745,38,9538
2021-04-17,JP,Japan,WPRO,4473,525218,46,9584
2021-04-18,JP,Japan,WPRO,4611,529829,38,9622
2021-04-19,JP,Japan,WPRO,4223,534052,19,9641
2021-04-20,JP,Japan,WPRO,3265,537317,30,9671
2021-04-21,JP,Japan,WPRO,4179,541496,39,9710
2021-04-22,JP,Japan,WPRO,4929,546425,54,9764
2021-04-23,JP,Japan,WPRO,5473,551898,36,9800
2021-04-24,JP,Japan,WPRO,5101,556999,54,9854
2021-04-25,JP,Japan,WPRO,5142,562141,59,9913
2021-04-26,JP,Japan,WPRO,4722,566863,59,9972
2021-04-27,JP,Japan,WPRO,4177,571040,32,10004
2021-04-28,JP,Japan,WPRO,4523,575563,51,10055
2021-04-29,JP,Japan,WPRO,5425,580988,52,10107
2021-04-30,JP,Japan,WPRO,5794,586782,87,10194
2021-05-01,JP,Japan,WPRO,4820,591602,35,10229
2021-05-02,JP,Japan,WPRO,5623,597225,67,10296
2021-05-03,JP,Japan,WPRO,5637,602862,65,10361
2021-05-04,JP,Japan,WPRO,4764,607626,59,10420
2021-05-05,JP,Japan,WPRO,4734,612360,50,10470
2021-05-06,JP,Japan,WPRO,3763,616123,47,10517
2021-05-07,JP,Japan,WPRO,4871,620994,72,10589
2021-05-08,JP,Japan,WPRO,5528,626522,113,10702
2021-05-09,JP,Japan,WPRO,6505,633027,121,10823
2021-05-10,JP,Japan,WPRO,7017,640044,53,10876
2021-05-11,JP,Japan,WPRO,5773,645817,65,10941
2021-05-12,JP,Japan,WPRO,5885,651702,123,11064
2021-05-13,JP,Japan,WPRO,6927,658629,101,11165
2021-05-14,JP,Japan,WPRO,6918,665547,90,11255
2021-05-15,JP,Japan,WPRO,6294,671841,110,11365
2021-05-16,JP,Japan,WPRO,6147,677988,98,11463
2021-05-17,JP,Japan,WPRO,5187,683175,45,11508
2021-05-18,JP,Japan,WPRO,4650,687825,83,11591
2021-05-19,JP,Japan,WPRO,4877,692702,260,11851
2021-05-20,JP,Japan,WPRO,5552,698254,89,11940
2021-05-21,JP,Japan,WPRO,5905,704159,106,12046
2021-05-22,JP,Japan,WPRO,5368,709527,106,12152
2021-05-23,JP,Japan,WPRO,4747,714274,84,12236
2021-05-24,JP,Japan,WPRO,4590,718864,76,12312
2021-05-25,JP,Japan,WPRO,3048,721912,86,12398
2021-05-26,JP,Japan,WPRO,3624,725536,99,12497
2021-05-27,JP,Japan,WPRO,4317,729853,104,12601
2021-05-28,JP,Japan,WPRO,4034,733887,113,12714
2021-05-29,JP,Japan,WPRO,4148,738035,105,12819
2021-05-30,JP,Japan,WPRO,3639,741674,101,12920
2021-05-31,JP,Japan,WPRO,2813,744487,47,12967
2021-06-01,JP,Japan,WPRO,2226,746713,81,13048
2021-06-02,JP,Japan,WPRO,2417,749130,92,13140
2021-06-03,JP,Japan,WPRO,3061,752191,105,13245
2021-06-04,JP,Japan,WPRO,2874,755065,119,13364
2021-06-05,JP,Japan,WPRO,2598,757663,85,13449
2021-06-06,JP,Japan,WPRO,2660,760323,74,13523
2021-06-07,JP,Japan,WPRO,2078,762401,51,13574
2021-06-08,JP,Japan,WPRO,1490,763891,71,13645
2021-06-09,JP,Japan,WPRO,1728,765619,98,13743
2021-06-10,JP,Japan,WPRO,2189,767808,98,13841
2021-06-11,JP,Japan,WPRO,2112,769920,66,13907
2021-06-12,JP,Japan,WPRO,1920,771840,70,13977
2021-06-13,JP,Japan,WPRO,1982,773822,56,14033
2021-06-14,JP,Japan,WPRO,1409,775231,38,14071
2021-06-15,JP,Japan,WPRO,1076,776307,55,14126
2021-06-16,JP,Japan,WPRO,1336,777643,61,14187
2021-06-17,JP,Japan,WPRO,1695,779338,82,14269
2021-06-18,JP,Japan,WPRO,1560,780898,51,14320
2021-06-19,JP,Japan,WPRO,1593,782491,45,14365
2021-06-20,JP,Japan,WPRO,1509,784000,35,14400
2021-06-21,JP,Japan,WPRO,1287,785287,23,14423
2021-06-22,JP,Japan,WPRO,1011,786298,31,14454
2021-06-23,JP,Japan,WPRO,1352,787650,42,14496
2021-06-24,JP,Japan,WPRO,1790,789440,57,14553
2021-06-25,JP,Japan,WPRO,1642,791082,45,14598
2021-06-26,JP,Japan,WPRO,1750,792832,28,14626
2021-06-27,JP,Japan,WPRO,1625,794457,31,14657
2021-06-28,JP,Japan,WPRO,1299,795756,12,14669
2021-06-29,JP,Japan,WPRO,1073,796829,36,14705
2021-06-30,JP,Japan,WPRO,1330,798159,35,14740
2021-07-01,JP,Japan,WPRO,1819,799978,41,14781
2021-07-02,JP,Japan,WPRO,1743,801721,21,14802
2021-07-03,JP,Japan,WPRO,1771,803492,22,14824
2021-07-04,JP,Japan,WPRO,1884,805376,18,14842
2021-07-05,JP,Japan,WPRO,1458,806834,6,14848
2021-07-06,JP,Japan,WPRO,1117,807951,14,14862
2021-07-07,JP,Japan,WPRO,1602,809553,22,14884
2021-07-08,JP,Japan,WPRO,2159,811712,13,14897
2021-07-09,JP,Japan,WPRO,2264,813976,20,14917
2021-07-10,JP,Japan,WPRO,2266,816242,16,14933
2021-07-11,JP,Japan,WPRO,2448,818690,15,14948
2021-07-12,JP,Japan,WPRO,2025,820715,7,14955
2021-07-13,JP,Japan,WPRO,1565,822280,4,14959
2021-07-14,JP,Japan,WPRO,2309,824589,12,14971
2021-07-15,JP,Japan,WPRO,3183,827772,19,14990
2021-07-16,JP,Japan,WPRO,3421,831193,24,15014
2021-07-17,JP,Japan,WPRO,3425,834618,13,15027
2021-07-18,JP,Japan,WPRO,3814,838432,13,15040
2021-07-19,JP,Japan,WPRO,3105,841537,8,15048
2021-07-20,JP,Japan,WPRO,2477,844014,12,15060
2021-07-21,JP,Japan,WPRO,3600,847614,19,15079
2021-07-22,JP,Japan,WPRO,4903,852517,18,15097
2021-07-23,JP,Japan,WPRO,5282,857799,9,15106
2021-07-24,JP,Japan,WPRO,4349,862148,9,15115
2021-07-25,JP,Japan,WPRO,3518,865666,9,15124
2021-07-26,JP,Japan,WPRO,4779,870445,5,15129
2021-07-27,JP,Japan,WPRO,5061,875506,8,15137
2021-07-28,JP,Japan,WPRO,7317,882823,14,15151
2021-07-29,JP,Japan,WPRO,9470,892293,9,15160
2021-07-30,JP,Japan,WPRO,10425,902718,13,15173
2021-07-31,JP,Japan,WPRO,11037,913755,11,15184
2021-08-01,JP,Japan,WPRO,12068,925823,8,15192
2021-08-02,JP,Japan,WPRO,10063,935886,5,15197
2021-08-03,JP,Japan,WPRO,8877,944763,7,15204
2021-08-04,JP,Japan,WPRO,11644,956407,15,15219
2021-08-05,JP,Japan,WPRO,14053,970460,9,15228
2021-08-06,JP,Japan,WPRO,15231,985691,12,15240
2021-08-07,JP,Japan,WPRO,15590,1001281,15,15255
2021-08-08,JP,Japan,WPRO,15500,1016781,18,15273
2021-08-09,JP,Japan,WPRO,14515,1031296,7,15280
2021-08-10,JP,Japan,WPRO,12329,1043625,17,15297
2021-08-11,JP,Japan,WPRO,10866,1054491,14,15311
2021-08-12,JP,Japan,WPRO,15063,1069554,19,15330
2021-08-13,JP,Japan,WPRO,18225,1087779,28,15358
2021-08-14,JP,Japan,WPRO,20490,1108269,25,15383
2021-08-15,JP,Japan,WPRO,20113,1128382,17,15400
2021-08-16,JP,Japan,WPRO,16164,1144546,8,15408
2021-08-17,JP,Japan,WPRO,15399,1159945,23,15431
2021-08-18,JP,Japan,WPRO,19231,1179176,36,15467
2021-08-19,JP,Japan,WPRO,22836,1202012,34,15501
2021-08-20,JP,Japan,WPRO,25328,1227340,33,15534
2021-08-21,JP,Japan,WPRO,24955,1252295,29,15563
2021-08-22,JP,Japan,WPRO,25144,1277439,33,15596
2021-08-23,JP,Japan,WPRO,22914,1300353,35,15631
2021-08-24,JP,Japan,WPRO,17993,1318346,32,15663
2021-08-25,JP,Japan,WPRO,20769,1339115,30,15693
2021-08-26,JP,Japan,WPRO,23698,1362813,44,15737
2021-08-27,JP,Japan,WPRO,26050,1388863,60,15797
2021-08-28,JP,Japan,WPRO,22580,1411443,54,15851
2021-08-29,JP,Japan,WPRO,22927,1434370,45,15896
2021-08-30,JP,Japan,WPRO,19994,1454364,50,15946
2021-08-31,JP,Japan,WPRO,14963,1469327,48,15994
2021-09-01,JP,Japan,WPRO,16826,1486153,47,16041
2021-09-02,JP,Japan,WPRO,21070,1507223,82,16123
2021-09-03,JP,Japan,WPRO,17456,1524679,61,16184
2021-09-04,JP,Japan,WPRO,16850,1541529,63,16247
2021-09-05,JP,Japan,WPRO,15469,1556998,66,16313
2021-09-06,JP,Japan,WPRO,14374,1571372,41,16354
2021-09-07,JP,Japan,WPRO,9145,1580517,33,16387
2021-09-08,JP,Japan,WPRO,10477,1590994,49,16436
2021-09-09,JP,Japan,WPRO,12118,1603112,89,16525
2021-09-10,JP,Japan,WPRO,10729,1613841,78,16603
2021-09-11,JP,Japan,WPRO,9178,1623019,87,16690
2021-09-12,JP,Japan,WPRO,9072,1632091,52,16742
2021-09-13,JP,Japan,WPRO,7454,1639545,55,16797
2021-09-14,JP,Japan,WPRO,4898,1644443,49,16846
2021-09-15,JP,Japan,WPRO,5875,1650318,48,16894
2021-09-16,JP,Japan,WPRO,6686,1657004,65,16959
2020-01-03,MX,Mexico,AMRO,0,0,0,0
2020-01-04,MX,Mexico,AMRO,0,0,0,0
2020-01-05,MX,Mexico,AMRO,0,0,0,0
2020-01-06,MX,Mexico,AMRO,0,0,0,0
2020-01-07,MX,Mexico,AMRO,0,0,0,0
2020-01-08,MX,Mexico,AMRO,0,0,0,0
2020-01-09,MX,Mexico,AMRO,0,0,0,0
2020-01-10,MX,Mexico,AMRO,0,0,0,0
2020-01-11,MX,Mexico,AMRO,0,0,0,0
2020-01-12,MX,Mexico,AMRO,0,0,0,0
2020-01-13,MX,Mexico,AMRO,0,0,0,0
2020-01-14,MX,Mexico,AMRO,0,0,0,0
2020-01-15,MX,Mexico,AMRO,0,0,0,0
2020-01-16,MX,Mexico,AMRO,0,0,0,0
2020-01-17,MX,Mexico,AMRO,0,0,0,0
2020-01-18,MX,Mexico,AMRO,0,0,0,0
2020-01-19,MX,Mexico,AMRO,0,0,0,0
2020-01-20,MX,Mexico,AMRO,0,0,0,0
2020-01-21,MX,Mexico,AMRO,0,0,0,0
2020-01-22,MX,Mexico,AMRO,0,0,0,0
2020-01-23,MX,Mexico,AMRO,0,0,0,0
2020-01-24,MX,Mexico,AMRO,0,0,0,0
2020-01-25,MX,Mexico,AMRO,0,0,0,0
2020-01-26,MX,Mexico,AMRO,0,0,0,0
2020-01-27,MX,Mexico,AMRO,0,0,0,0
2020-01-28,MX,Mexico,AMRO,0,0,0,0
2020-01-29,MX,Mexico,AMRO,0,0,0,0
2020-01-30,MX,Mexico,AMRO,0,0,0,0
2020-01-31,MX,Mexico,AMRO,0,0,0,0
2020-02-01,MX,Mexico,AMRO,0,0,0,0
2020-02-02,MX,Mexico,AMRO,0,0,0,0
2020-02-03,MX,Mexico,AMRO,0,0,0,0
2020-02-04,MX,Mexico,AMRO,0,0,0,0
2020-02-05,MX,Mexico,AMRO,0,0,0,0
2020-02-06,MX,Mexico,AMRO,0,0,0,0
2020-02-07,MX,Mexico,AMRO,0,0,0,0
2020-02-08,MX,Mexico,AMRO,0,0,0,0
2020-02-09,MX,Mexico,AMRO,0,0,0,0
2020-02-10,MX,Mexico,AMRO,0,0,0,0
2020-02-11,MX,Mexico,AMRO,0,0,0,0
2020-02-12,MX,Mexico,AMRO,0,0,0,0
2020-02-13,MX,Mexico,AMRO,0,0,0,0
2020-02-14,MX,Mexico,AMRO,0,0,0,0
2020-02-15,MX,Mexico,AMRO,0,0,0,0
2020-02-16,MX,Mexico,AMRO,0,0,0,0
2020-02-17,MX,Mexico,AMRO,0,0,0,0
2020-02-18,MX,Mexico,AMRO,0,0,0,0
2020-02-19,MX,Mexico,AMRO,0,0,0,0
2020-02-20,MX,Mexico,AMRO,0,0,0,0
2020-02-21,MX,Mexico,AMRO,0,0,0,0
2020-02-22,MX,Mexico,AMRO,0,0,0,0
2020-02-23,MX,Mexico,AMRO,0,0,0,0
2020-02-24,MX,Mexico,AMRO,0,0,0,0
2020-02-25,MX,Mexico,AMRO,0,0,0,0
2020-02-26,MX,Mexico,AMRO,0,0,0,0
2020-02-27,MX,Mexico,AMRO,0,0,0,0
2020-02-28,MX,Mexico,AMRO,6,6,0,0
2020-02-29,MX,Mexico,AMRO,0,6,0,0
2020-03-01,MX,Mexico,AMRO,0,6,0,0
2020-03-02,MX,Mexico,AMRO,3,9,0,0
2020-03-03,MX,Mexico,AMRO,0,9,0,0
2020-03-04,MX,Mexico,AMRO,0,9,0,0
2020-03-05,MX,Mexico,AMRO,0,9,0,0
2020-03-06,MX,Mexico,AMRO,0,9,0,0
2020-03-07,MX,Mexico,AMRO,0,9,0,0
2020-03-08,MX,Mexico,AMRO,2,11,0,0
2020-03-09,MX,Mexico,AMRO,0,11,0,0
2020-03-10,MX,Mexico,AMRO,0,11,0,0
2020-03-11,MX,Mexico,AMRO,0,11,0,0
2020-03-12,MX,Mexico,AMRO,4,15,0,0
2020-03-13,MX,Mexico,AMRO,1,16,0,0
2020-03-14,MX,Mexico,AMRO,3,19,0,0
2020-03-15,MX,Mexico,AMRO,26,45,0,0
2020-03-16,MX,Mexico,AMRO,12,57,0,0
2020-03-17,MX,Mexico,AMRO,29,86,0,0
2020-03-18,MX,Mexico,AMRO,11,97,0,0
2020-03-19,MX,Mexico,AMRO,21,118,0,0
2020-03-20,MX,Mexico,AMRO,46,164,1,1
2020-03-21,MX,Mexico,AMRO,0,164,0,1
2020-03-22,MX,Mexico,AMRO,0,164,0,1
2020-03-23,MX,Mexico,AMRO,87,251,1,2
2020-03-24,MX,Mexico,AMRO,65,316,0,2
2020-03-25,MX,Mexico,AMRO,54,370,2,4
2020-03-26,MX,Mexico,AMRO,108,478,1,5
2020-03-27,MX,Mexico,AMRO,0,478,0,5
2020-03-28,MX,Mexico,AMRO,111,589,3,8
2020-03-29,MX,Mexico,AMRO,128,717,4,12
2020-03-30,MX,Mexico,AMRO,131,848,4,16
2020-03-31,MX,Mexico,AMRO,145,993,4,20
2020-04-01,MX,Mexico,AMRO,101,1094,8,28
2020-04-02,MX,Mexico,AMRO,121,1215,1,29
2020-04-03,MX,Mexico,AMRO,163,1378,8,37
2020-04-04,MX,Mexico,AMRO,132,1510,13,50
2020-04-05,MX,Mexico,AMRO,178,1688,10,60
2020-04-06,MX,Mexico,AMRO,202,1890,19,79
2020-04-07,MX,Mexico,AMRO,253,2143,15,94
2020-04-08,MX,Mexico,AMRO,296,2439,31,125
2020-04-09,MX,Mexico,AMRO,346,2785,16,141
2020-04-10,MX,Mexico,AMRO,396,3181,33,174
2020-04-11,MX,Mexico,AMRO,260,3441,20,194
2020-04-12,MX,Mexico,AMRO,403,3844,39,233
2020-04-13,MX,Mexico,AMRO,375,4219,40,273
2020-04-14,MX,Mexico,AMRO,442,4661,23,296
2020-04-15,MX,Mexico,AMRO,353,5014,36,332
2020-04-16,MX,Mexico,AMRO,385,5399,74,406
2020-04-17,MX,Mexico,AMRO,448,5847,43,449
2020-04-18,MX,Mexico,AMRO,450,6297,37,486
2020-04-19,MX,Mexico,AMRO,578,6875,60,546
2020-04-20,MX,Mexico,AMRO,622,7497,104,650
2020-04-21,MX,Mexico,AMRO,764,8261,36,686
2020-04-22,MX,Mexico,AMRO,511,8772,26,712
2020-04-23,MX,Mexico,AMRO,729,9501,145,857
2020-04-24,MX,Mexico,AMRO,1043,10544,113,970
2020-04-25,MX,Mexico,AMRO,1089,11633,99,1069
2020-04-26,MX,Mexico,AMRO,1239,12872,152,1221
2020-04-27,MX,Mexico,AMRO,970,13842,84,1305
2020-04-28,MX,Mexico,AMRO,835,14677,46,1351
2020-04-29,MX,Mexico,AMRO,852,15529,83,1434
2020-04-30,MX,Mexico,AMRO,1223,16752,135,1569
2020-05-01,MX,Mexico,AMRO,1047,17799,163,1732
2020-05-02,MX,Mexico,AMRO,1425,19224,127,1859
2020-05-03,MX,Mexico,AMRO,1515,20739,113,1972
2020-05-04,MX,Mexico,AMRO,1349,22088,89,2061
2020-05-05,MX,Mexico,AMRO,1383,23471,93,2154
2020-05-06,MX,Mexico,AMRO,1434,24905,117,2271
2020-05-07,MX,Mexico,AMRO,1120,26025,236,2507
2020-05-08,MX,Mexico,AMRO,1609,27634,197,2704
2020-05-09,MX,Mexico,AMRO,1982,29616,257,2961
2020-05-10,MX,Mexico,AMRO,1906,31522,199,3160
2020-05-11,MX,Mexico,AMRO,1938,33460,193,3353
2020-05-12,MX,Mexico,AMRO,1562,35022,112,3465
2020-05-13,MX,Mexico,AMRO,1305,36327,108,3573
2020-05-14,MX,Mexico,AMRO,1997,38324,353,3926
2020-05-15,MX,Mexico,AMRO,1862,40186,294,4220
2020-05-16,MX,Mexico,AMRO,2409,42595,257,4477
2020-05-17,MX,Mexico,AMRO,2437,45032,290,4767
2020-05-18,MX,Mexico,AMRO,2112,47144,278,5045
2020-05-19,MX,Mexico,AMRO,2075,49219,132,5177
2020-05-20,MX,Mexico,AMRO,2414,51633,155,5332
2020-05-21,MX,Mexico,AMRO,2713,54346,334,5666
2020-05-22,MX,Mexico,AMRO,2248,56594,424,6090
2020-05-23,MX,Mexico,AMRO,2973,59567,420,6510
2020-05-24,MX,Mexico,AMRO,2960,62527,479,6989
2020-05-25,MX,Mexico,AMRO,3329,65856,190,7179
2020-05-26,MX,Mexico,AMRO,2764,68620,215,7394
2020-05-27,MX,Mexico,AMRO,2485,71105,239,7633
2020-05-28,MX,Mexico,AMRO,3455,74560,501,8134
2020-05-29,MX,Mexico,AMRO,3463,78023,463,8597
2020-05-30,MX,Mexico,AMRO,3377,81400,447,9044
2020-05-31,MX,Mexico,AMRO,3227,84627,371,9415
2020-06-01,MX,Mexico,AMRO,2885,87512,364,9779
2020-06-02,MX,Mexico,AMRO,3152,90664,151,9930
2020-06-03,MX,Mexico,AMRO,2771,93435,237,10167
2020-06-04,MX,Mexico,AMRO,3891,97326,470,10637
2020-06-05,MX,Mexico,AMRO,3912,101238,1091,11728
2020-06-06,MX,Mexico,AMRO,4442,105680,817,12545
2020-06-07,MX,Mexico,AMRO,4346,110026,625,13170
2020-06-08,MX,Mexico,AMRO,3593,113619,341,13511
2020-06-09,MX,Mexico,AMRO,3484,117103,188,13699
2020-06-10,MX,Mexico,AMRO,2999,120102,354,14053
2020-06-11,MX,Mexico,AMRO,4199,124301,596,14649
2020-06-12,MX,Mexico,AMRO,4883,129184,708,15357
2020-06-13,MX,Mexico,AMRO,4790,133974,587,15944
2020-06-14,MX,Mexico,AMRO,5222,139196,504,16448
2020-06-15,MX,Mexico,AMRO,3494,142690,424,16872
2020-06-16,MX,Mexico,AMRO,4147,146837,269,17141
2020-06-17,MX,Mexico,AMRO,3427,150264,439,17580
2020-06-18,MX,Mexico,AMRO,4599,154863,730,18310
2020-06-19,MX,Mexico,AMRO,4930,159793,770,19080
2020-06-20,MX,Mexico,AMRO,5662,165455,667,19747
2020-06-21,MX,Mexico,AMRO,5030,170485,647,20394
2020-06-22,MX,Mexico,AMRO,4717,175202,387,20781
2020-06-23,MX,Mexico,AMRO,5343,180545,1044,21825
2020-06-24,MX,Mexico,AMRO,4577,185122,759,22584
2020-06-25,MX,Mexico,AMRO,6288,191410,793,23377
2020-06-26,MX,Mexico,AMRO,5437,196847,947,24324
2020-06-27,MX,Mexico,AMRO,6104,202951,736,25060
2020-06-28,MX,Mexico,AMRO,5441,208392,719,25779
2020-06-29,MX,Mexico,AMRO,4410,212802,602,26381
2020-06-30,MX,Mexico,AMRO,4050,216852,267,26648
2020-07-01,MX,Mexico,AMRO,3805,220657,473,27121
2020-07-02,MX,Mexico,AMRO,5432,226089,648,27769
2020-07-03,MX,Mexico,AMRO,5681,231770,741,28510
2020-07-04,MX,Mexico,AMRO,6741,238511,679,29189
2020-07-05,MX,Mexico,AMRO,6740,245251,654,29843
2020-07-06,MX,Mexico,AMRO,6914,252165,523,30366
2020-07-07,MX,Mexico,AMRO,4683,256848,273,30639
2020-07-08,MX,Mexico,AMRO,4902,261750,480,31119
2020-07-09,MX,Mexico,AMRO,6258,268008,895,32014
2020-07-10,MX,Mexico,AMRO,6995,275003,782,32796
2020-07-11,MX,Mexico,AMRO,7280,282283,730,33526
2020-07-12,MX,Mexico,AMRO,6891,289174,665,34191
2020-07-13,MX,Mexico,AMRO,6094,295268,539,34730
2020-07-14,MX,Mexico,AMRO,4482,299750,276,35006
2020-07-15,MX,Mexico,AMRO,4685,304435,485,35491
2020-07-16,MX,Mexico,AMRO,7051,311486,836,36327
2020-07-17,MX,Mexico,AMRO,6149,317635,579,36906
2020-07-18,MX,Mexico,AMRO,6406,324041,668,37574
2020-07-19,MX,Mexico,AMRO,7257,331298,736,38310
2020-07-20,MX,Mexico,AMRO,7615,338913,578,38888
2020-07-21,MX,Mexico,AMRO,5311,344224,296,39184
2020-07-22,MX,Mexico,AMRO,5172,349396,301,39485
2020-07-23,MX,Mexico,AMRO,6859,356255,915,40400
2020-07-24,MX,Mexico,AMRO,6019,362274,790,41190
2020-07-25,MX,Mexico,AMRO,8438,370712,718,41908
2020-07-26,MX,Mexico,AMRO,7573,378285,737,42645
2020-07-27,MX,Mexico,AMRO,6751,385036,729,43374
2020-07-28,MX,Mexico,AMRO,5480,390516,306,43680
2020-07-29,MX,Mexico,AMRO,4973,395489,342,44022
2020-07-30,MX,Mexico,AMRO,7208,402697,854,44876
2020-07-31,MX,Mexico,AMRO,5752,408449,485,45361
2020-08-01,MX,Mexico,AMRO,7730,416179,639,46000
2020-08-02,MX,Mexico,AMRO,8458,424637,688,46688
2020-08-03,MX,Mexico,AMRO,9556,434193,784,47472
2020-08-04,MX,Mexico,AMRO,4853,439046,274,47746
2020-08-05,MX,Mexico,AMRO,4767,443813,266,48012
2020-08-06,MX,Mexico,AMRO,6148,449961,857,48869
2020-08-07,MX,Mexico,AMRO,6139,456100,829,49698
2020-08-08,MX,Mexico,AMRO,6590,462690,819,50517
2020-08-09,MX,Mexico,AMRO,6717,469407,794,51311
2020-08-10,MX,Mexico,AMRO,6495,475902,695,52006
2020-08-11,MX,Mexico,AMRO,4376,480278,292,52298
2020-08-12,MX,Mexico,AMRO,5558,485836,705,53003
2020-08-13,MX,Mexico,AMRO,6686,492522,926,53929
2020-08-14,MX,Mexico,AMRO,5858,498380,737,54666
2020-08-15,MX,Mexico,AMRO,7371,505751,627,55293
2020-08-16,MX,Mexico,AMRO,5618,511369,615,55908
2020-08-17,MX,Mexico,AMRO,6345,517714,635,56543
2020-08-18,MX,Mexico,AMRO,4448,522162,214,56757
2020-08-19,MX,Mexico,AMRO,3571,525733,266,57023
2020-08-20,MX,Mexico,AMRO,5506,531239,751,57774
2020-08-21,MX,Mexico,AMRO,5792,537031,707,58481
2020-08-22,MX,Mexico,AMRO,6775,543806,625,59106
2020-08-23,MX,Mexico,AMRO,5928,549734,504,59610
2020-08-24,MX,Mexico,AMRO,6482,556216,644,60254
2020-08-25,MX,Mexico,AMRO,3948,560164,226,60480
2020-08-26,MX,Mexico,AMRO,3541,563705,320,60800
2020-08-27,MX,Mexico,AMRO,4916,568621,650,61450
2020-08-28,MX,Mexico,AMRO,5267,573888,626,62076
2020-08-29,MX,Mexico,AMRO,6026,579914,518,62594
2020-08-30,MX,Mexico,AMRO,5824,585738,552,63146
2020-08-31,MX,Mexico,AMRO,5974,591712,673,63819
2020-09-01,MX,Mexico,AMRO,4129,595841,339,64158
2020-09-02,MX,Mexico,AMRO,3719,599560,256,64414
2020-09-03,MX,Mexico,AMRO,6476,606036,827,65241
2020-09-04,MX,Mexico,AMRO,4921,610957,575,65816
2020-09-05,MX,Mexico,AMRO,5937,616894,513,66329
2020-09-06,MX,Mexico,AMRO,6196,623090,522,66851
2020-09-07,MX,Mexico,AMRO,6319,629409,475,67326
2020-09-08,MX,Mexico,AMRO,4614,634023,232,67558
2020-09-09,MX,Mexico,AMRO,3486,637509,223,67781
2020-09-10,MX,Mexico,AMRO,5351,642860,703,68484
2020-09-11,MX,Mexico,AMRO,4647,647507,611,69095
2020-09-12,MX,Mexico,AMRO,4857,652364,554,69649
2020-09-13,MX,Mexico,AMRO,5935,658299,534,70183
2020-09-14,MX,Mexico,AMRO,5674,663973,421,70604
2020-09-15,MX,Mexico,AMRO,4408,668381,217,70821
2020-09-16,MX,Mexico,AMRO,3335,671716,228,71049
2020-09-17,MX,Mexico,AMRO,4771,676487,629,71678
2020-09-18,MX,Mexico,AMRO,4444,680931,300,71978
2020-09-19,MX,Mexico,AMRO,3182,684113,201,72179
2020-09-20,MX,Mexico,AMRO,4841,688954,624,72803
2020-09-21,MX,Mexico,AMRO,5167,694121,455,73258
2020-09-22,MX,Mexico,AMRO,3542,697663,235,73493
2020-09-23,MX,Mexico,AMRO,2917,700580,204,73697
2020-09-24,MX,Mexico,AMRO,4683,705263,651,74348
2020-09-25,MX,Mexico,AMRO,4786,710049,601,74949
2020-09-26,MX,Mexico,AMRO,5408,715457,490,75439
2020-09-27,MX,Mexico,AMRO,5401,720858,405,75844
2020-09-28,MX,Mexico,AMRO,5573,726431,399,76243
2020-09-29,MX,Mexico,AMRO,3886,730317,187,76430
2020-09-30,MX,Mexico,AMRO,3400,733717,173,76603
2020-10-01,MX,Mexico,AMRO,4446,738163,560,77163
2020-10-02,MX,Mexico,AMRO,5053,743216,483,77646
2020-10-03,MX,Mexico,AMRO,5099,748315,432,78078
2020-10-04,MX,Mexico,AMRO,4775,753090,414,78492
2020-10-05,MX,Mexico,AMRO,4863,757953,388,78880
2020-10-06,MX,Mexico,AMRO,3712,761665,208,79088
2020-10-07,MX,Mexico,AMRO,3417,765082,180,79268
2020-10-08,MX,Mexico,AMRO,4476,769558,446,79714
2020-10-09,MX,Mexico,AMRO,4462,774020,369,80083
2020-10-10,MX,Mexico,AMRO,30468,804488,3013,83096
2020-10-11,MX,Mexico,AMRO,5263,809751,411,83507
2020-10-12,MX,Mexico,AMRO,4577,814328,135,83642
2020-10-13,MX,Mexico,AMRO,3175,817503,139,83781
2020-10-14,MX,Mexico,AMRO,3542,821045,164,83945
2020-10-15,MX,Mexico,AMRO,4295,825340,475,84420
2020-10-16,MX,Mexico,AMRO,4056,829396,478,84898
2020-10-17,MX,Mexico,AMRO,5514,834910,387,85285
2020-10-18,MX,Mexico,AMRO,6751,841661,419,85704
2020-10-19,MX,Mexico,AMRO,5447,847108,355,86059
2020-10-20,MX,Mexico,AMRO,4119,851227,108,86167
2020-10-21,MX,Mexico,AMRO,3699,854926,171,86338
2020-10-22,MX,Mexico,AMRO,5788,860714,555,86893
2020-10-23,MX,Mexico,AMRO,6845,867559,522,87415
2020-10-24,MX,Mexico,AMRO,6612,874171,479,87894
2020-10-25,MX,Mexico,AMRO,6604,880775,418,88312
2020-10-26,MX,Mexico,AMRO,6025,886800,431,88743
2020-10-27,MX,Mexico,AMRO,4360,891160,181,88924
2020-10-28,MX,Mexico,AMRO,4166,895326,247,89171
2020-10-29,MX,Mexico,AMRO,5942,901268,643,89814
2020-10-30,MX,Mexico,AMRO,5595,906863,495,90309
2020-10-31,MX,Mexico,AMRO,5948,912811,464,90773
2020-11-01,MX,Mexico,AMRO,6000,918811,516,91289
2020-11-02,MX,Mexico,AMRO,6151,924962,464,91753
2020-11-03,MX,Mexico,AMRO,4430,929392,142,91895
2020-11-04,MX,Mexico,AMRO,3763,933155,205,92100
2020-11-05,MX,Mexico,AMRO,5250,938405,493,92593
2020-11-06,MX,Mexico,AMRO,5225,943630,635,93228
2020-11-07,MX,Mexico,AMRO,5567,949197,544,93772
2020-11-08,MX,Mexico,AMRO,5931,955128,551,94323
2020-11-09,MX,Mexico,AMRO,6810,961938,485,94808
2020-11-10,MX,Mexico,AMRO,5887,967825,219,95027
2020-11-11,MX,Mexico,AMRO,4960,972785,198,95225
2020-11-12,MX,Mexico,AMRO,5746,978531,617,95842
2020-11-13,MX,Mexico,AMRO,7646,986177,588,96430
2020-11-14,MX,Mexico,AMRO,5658,991835,626,97056
2020-11-15,MX,Mexico,AMRO,5558,997393,568,97624
2020-11-16,MX,Mexico,AMRO,5860,1003253,635,98259
2020-11-17,MX,Mexico,AMRO,3269,1006522,283,98542
2020-11-18,MX,Mexico,AMRO,2874,1009396,319,98861
2020-11-19,MX,Mexico,AMRO,1757,1011153,165,99026
2020-11-20,MX,Mexico,AMRO,3918,1015071,502,99528
2020-11-21,MX,Mexico,AMRO,4472,1019543,576,100104
2020-11-22,MX,Mexico,AMRO,6426,1025969,719,100823
2020-11-23,MX,Mexico,AMRO,6719,1032688,550,101373
2020-11-24,MX,Mexico,AMRO,9187,1041875,303,101676
2020-11-25,MX,Mexico,AMRO,7483,1049358,250,101926
2020-11-26,MX,Mexico,AMRO,10794,1060152,813,102739
2020-11-27,MX,Mexico,AMRO,10335,1070487,858,103597
2020-11-28,MX,Mexico,AMRO,8107,1078594,645,104242
2020-11-29,MX,Mexico,AMRO,12081,1090675,631,104873
2020-11-30,MX,Mexico,AMRO,10008,1100683,586,105459
2020-12-01,MX,Mexico,AMRO,6388,1107071,196,105655
2020-12-02,MX,Mexico,AMRO,6472,1113543,285,105940
2020-12-03,MX,Mexico,AMRO,8819,1122362,825,106765
2020-12-04,MX,Mexico,AMRO,11251,1133613,800,107565
2020-12-05,MX,Mexico,AMRO,11030,1144643,608,108173
2020-12-06,MX,Mexico,AMRO,12127,1156770,690,108863
2020-12-07,MX,Mexico,AMRO,11625,1168395,593,109456
2020-12-08,MX,Mexico,AMRO,7455,1175850,261,109717
2020-12-09,MX,Mexico,AMRO,6399,1182249,357,110074
2020-12-10,MX,Mexico,AMRO,11006,1193255,800,110874
2020-12-11,MX,Mexico,AMRO,11974,1205229,781,111655
2020-12-12,MX,Mexico,AMRO,11897,1217126,671,112326
2020-12-13,MX,Mexico,AMRO,12253,1229379,693,113019
2020-12-14,MX,Mexico,AMRO,12057,1241436,685,113704
2020-12-15,MX,Mexico,AMRO,8608,1250044,249,113953
2020-12-16,MX,Mexico,AMRO,5930,1255974,345,114298
2020-12-17,MX,Mexico,AMRO,11228,1267202,801,115099
2020-12-18,MX,Mexico,AMRO,10297,1277499,670,115769
2020-12-19,MX,Mexico,AMRO,11799,1289298,718,116487
2020-12-20,MX,Mexico,AMRO,12248,1301546,762,117249
2020-12-21,MX,Mexico,AMRO,12129,1313675,627,117876
2020-12-22,MX,Mexico,AMRO,6870,1320545,326,118202
2020-12-23,MX,Mexico,AMRO,5370,1325915,396,118598
2020-12-24,MX,Mexico,AMRO,12511,1338426,897,119495
2020-12-25,MX,Mexico,AMRO,11653,1350079,816,120311
2020-12-26,MX,Mexico,AMRO,12485,1362564,861,121172
2020-12-27,MX,Mexico,AMRO,9679,1372243,665,121837
2020-12-28,MX,Mexico,AMRO,4974,1377217,189,122026
2020-12-29,MX,Mexico,AMRO,6217,1383434,400,122426
2020-12-30,MX,Mexico,AMRO,5996,1389430,429,122855
2020-12-31,MX,Mexico,AMRO,12099,1401529,990,123845
2021-01-01,MX,Mexico,AMRO,12406,1413935,1052,124897
2021-01-02,MX,Mexico,AMRO,12159,1426094,910,125807
2021-01-03,MX,Mexico,AMRO,11091,1437185,700,126507
2021-01-04,MX,Mexico,AMRO,6359,1443544,344,126851
2021-01-05,MX,Mexico,AMRO,5211,1448755,362,127213
2021-01-06,MX,Mexico,AMRO,6464,1455219,544,127757
2021-01-07,MX,Mexico,AMRO,11271,1466490,1065,128822
2021-01-08,MX,Mexico,AMRO,13345,1479835,1165,129987
2021-01-09,MX,Mexico,AMRO,13734,1493569,1044,131031
2021-01-10,MX,Mexico,AMRO,14362,1507931,1038,132069
2021-01-11,MX,Mexico,AMRO,16105,1524036,1135,133204
2021-01-12,MX,Mexico,AMRO,10003,1534039,502,133706
2021-01-13,MX,Mexico,AMRO,7594,1541633,662,134368
2021-01-14,MX,Mexico,AMRO,14395,1556028,1314,135682
2021-01-15,MX,Mexico,AMRO,15873,1571901,1235,136917
2021-01-16,MX,Mexico,AMRO,16468,1588369,999,137916
2021-01-17,MX,Mexico,AMRO,21366,1609735,1106,139022
2021-01-18,MX,Mexico,AMRO,20523,1630258,1219,140241
2021-01-19,MX,Mexico,AMRO,11170,1641428,463,140704
2021-01-20,MX,Mexico,AMRO,8074,1649502,544,141248
2021-01-21,MX,Mexico,AMRO,18894,1668396,1584,142832
2021-01-22,MX,Mexico,AMRO,20548,1688944,1539,144371
2021-01-23,MX,Mexico,AMRO,22339,1711283,1803,146174
2021-01-24,MX,Mexico,AMRO,21007,1732290,1440,147614
2021-01-25,MX,Mexico,AMRO,20057,1752347,1470,149084
2021-01-26,MX,Mexico,AMRO,10872,1763219,530,149614
2021-01-27,MX,Mexico,AMRO,8521,1771740,659,150273
2021-01-28,MX,Mexico,AMRO,17165,1788905,1743,152016
2021-01-29,MX,Mexico,AMRO,17944,1806849,1623,153639
2021-01-30,MX,Mexico,AMRO,18670,1825519,1506,155145
2021-01-31,MX,Mexico,AMRO,16374,1841893,1434,156579
2021-02-01,MX,Mexico,AMRO,15337,1857230,1495,158074
2021-02-02,MX,Mexico,AMRO,7030,1864260,462,158536
2021-02-03,MX,Mexico,AMRO,5448,1869708,564,159100
2021-02-04,MX,Mexico,AMRO,4384,1874092,433,159533
2021-02-05,MX,Mexico,AMRO,12153,1886245,1707,161240
2021-02-06,MX,Mexico,AMRO,13575,1899820,1682,162922
2021-02-07,MX,Mexico,AMRO,13051,1912871,1368,164290
2021-02-08,MX,Mexico,AMRO,13209,1926080,1496,165786
2021-02-09,MX,Mexico,AMRO,6065,1932145,414,166200
2021-02-10,MX,Mexico,AMRO,3868,1936013,531,166731
2021-02-11,MX,Mexico,AMRO,10738,1946751,1701,168432
2021-02-12,MX,Mexico,AMRO,11138,1957889,1328,169760
2021-02-13,MX,Mexico,AMRO,10677,1968566,1474,171234
2021-02-14,MX,Mexico,AMRO,10388,1978954,1323,172557
2021-02-15,MX,Mexico,AMRO,9741,1988695,1214,173771
2021-02-16,MX,Mexico,AMRO,4099,1992794,436,174207
2021-02-17,MX,Mexico,AMRO,3098,1995892,450,174657
2021-02-18,MX,Mexico,AMRO,8683,2004575,1329,175986
2021-02-19,MX,Mexico,AMRO,8988,2013563,1075,177061
2021-02-20,MX,Mexico,AMRO,9099,2022662,1047,178108
2021-02-21,MX,Mexico,AMRO,7829,2030491,857,178965
2021-02-22,MX,Mexico,AMRO,7785,2038276,832,179797
2021-02-23,MX,Mexico,AMRO,3104,2041380,310,180107
2021-02-24,MX,Mexico,AMRO,2252,2043632,429,180536
2021-02-25,MX,Mexico,AMRO,8634,2052266,1273,181809
2021-02-26,MX,Mexico,AMRO,8642,2060908,1006,182815
2021-02-27,MX,Mexico,AMRO,8462,2069370,877,183692
2021-02-28,MX,Mexico,AMRO,7512,2076882,782,184474
2021-03-01,MX,Mexico,AMRO,7246,2084128,783,185257
2021-03-02,MX,Mexico,AMRO,2810,2086938,458,185715
2021-03-03,MX,Mexico,AMRO,2343,2089281,437,186152
2021-03-04,MX,Mexico,AMRO,7913,2097194,1035,187187
2021-03-05,MX,Mexico,AMRO,7793,2104987,857,188044
2021-03-06,MX,Mexico,AMRO,7521,2112508,822,188866
2021-03-07,MX,Mexico,AMRO,6797,2119305,712,189578
2021-03-08,MX,Mexico,AMRO,6561,2125866,779,190357
2021-03-09,MX,Mexico,AMRO,2734,2128600,247,190604
2021-03-10,MX,Mexico,AMRO,1877,2130477,319,190923
2021-03-11,MX,Mexico,AMRO,7407,2137884,866,191789
2021-03-12,MX,Mexico,AMRO,6674,2144558,699,192488
2021-03-13,MX,Mexico,AMRO,6470,2151028,654,193142
2021-03-14,MX,Mexico,AMRO,6743,2157771,709,193851
2021-03-15,MX,Mexico,AMRO,6104,2163875,639,194490
2021-03-16,MX,Mexico,AMRO,2415,2166290,220,194710
2021-03-17,MX,Mexico,AMRO,1439,2167729,234,194944
2021-03-18,MX,Mexico,AMRO,1278,2169007,175,195119
2021-03-19,MX,Mexico,AMRO,6455,2175462,789,195908
2021-03-20,MX,Mexico,AMRO,6726,2182188,698,196606
2021-03-21,MX,Mexico,AMRO,5722,2187910,613,197219
2021-03-22,MX,Mexico,AMRO,5729,2193639,608,197827
2021-03-23,MX,Mexico,AMRO,2133,2195772,209,198036
2021-03-24,MX,Mexico,AMRO,1388,2197160,203,198239
2021-03-25,MX,Mexico,AMRO,5881,2203041,809,199048
2021-03-26,MX,Mexico,AMRO,5714,2208755,579,199627
2021-03-27,MX,Mexico,AMRO,5787,2214542,584,200211
2021-03-28,MX,Mexico,AMRO,5303,2219845,651,200862
2021-03-29,MX,Mexico,AMRO,4922,2224767,567,201429
2021-03-30,MX,Mexico,AMRO,1783,2226550,194,201623
2021-03-31,MX,Mexico,AMRO,1292,2227842,203,201826
2021-04-01,MX,Mexico,AMRO,5068,2232910,807,202633
2021-04-02,MX,Mexico,AMRO,5977,2238887,577,203210
2021-04-03,MX,Mexico,AMRO,5381,2244268,454,203664
2021-04-04,MX,Mexico,AMRO,3089,2247357,190,203854
2021-04-05,MX,Mexico,AMRO,1838,2249195,157,204011
2021-04-06,MX,Mexico,AMRO,1263,2250458,136,204147
2021-04-07,MX,Mexico,AMRO,1247,2251705,252,204399
2021-04-08,MX,Mexico,AMRO,4675,2256380,603,205002
2021-04-09,MX,Mexico,AMRO,5499,2261879,596,205598
2021-04-10,MX,Mexico,AMRO,5140,2267019,548,206146
2021-04-11,MX,Mexico,AMRO,5045,2272064,874,207020
2021-04-12,MX,Mexico,AMRO,6356,2278420,2192,209212
2021-04-13,MX,Mexico,AMRO,1793,2280213,126,209338
2021-04-14,MX,Mexico,AMRO,1627,2281840,364,209702
2021-04-15,MX,Mexico,AMRO,4293,2286133,592,210294
2021-04-16,MX,Mexico,AMRO,5113,2291246,518,210812
2021-04-17,MX,Mexico,AMRO,4189,2295435,401,211213
2021-04-18,MX,Mexico,AMRO,4504,2299939,480,211693
2021-04-19,MX,Mexico,AMRO,4967,2304906,535,212228
2021-04-20,MX,Mexico,AMRO,696,2305602,111,212339
2021-04-21,MX,Mexico,AMRO,1308,2306910,127,212466
2021-04-22,MX,Mexico,AMRO,4262,2311172,582,213048
2021-04-23,MX,Mexico,AMRO,4639,2315811,549,213597
2021-04-24,MX,Mexico,AMRO,3708,2319519,498,214095
2021-04-25,MX,Mexico,AMRO,3911,2323430,409,214504
2021-04-26,MX,Mexico,AMRO,3308,2326738,349,214853
2021-04-27,MX,Mexico,AMRO,1653,2328391,94,214947
2021-04-28,MX,Mexico,AMRO,1143,2329534,166,215113
2021-04-29,MX,Mexico,AMRO,3592,2333126,434,215547
2021-04-30,MX,Mexico,AMRO,3818,2336944,371,215918
2021-05-01,MX,Mexico,AMRO,3990,2340934,529,216447
2021-05-02,MX,Mexico,AMRO,3821,2344755,460,216907
2021-05-03,MX,Mexico,AMRO,3025,2347780,261,217168
2021-05-04,MX,Mexico,AMRO,1093,2348873,65,217233
2021-05-05,MX,Mexico,AMRO,1027,2349900,112,217345
2021-05-06,MX,Mexico,AMRO,3064,2352964,395,217740
2021-05-07,MX,Mexico,AMRO,3021,2355985,267,218007
2021-05-08,MX,Mexico,AMRO,2846,2358831,166,218173
2021-05-09,MX,Mexico,AMRO,3043,2361874,484,218657
2021-05-10,MX,Mexico,AMRO,2743,2364617,271,218928
2021-05-11,MX,Mexico,AMRO,1175,2365792,57,218985
2021-05-12,MX,Mexico,AMRO,704,2366496,104,219089
2021-05-13,MX,Mexico,AMRO,1897,2368393,234,219323
2021-05-14,MX,Mexico,AMRO,3090,2371483,267,219590
2021-05-15,MX,Mexico,AMRO,3632,2375115,311,219901
2021-05-16,MX,Mexico,AMRO,2880,2377995,258,220159
2021-05-17,MX,Mexico,AMRO,2695,2380690,225,220384
2021-05-18,MX,Mexico,AMRO,1233,2381923,53,220437
2021-05-19,MX,Mexico,AMRO,822,2382745,56,220493
2021-05-20,MX,Mexico,AMRO,2767,2385512,253,220746
2021-05-21,MX,Mexico,AMRO,2000,2387512,104,220850
2021-05-22,MX,Mexico,AMRO,2628,2390140,230,221080
2021-05-23,MX,Mexico,AMRO,2604,2392744,176,221256
2021-05-24,MX,Mexico,AMRO,2586,2395330,341,221597
2021-05-25,MX,Mexico,AMRO,1274,2396604,50,221647
2021-05-26,MX,Mexico,AMRO,703,2397307,48,221695
2021-05-27,MX,Mexico,AMRO,2483,2399790,265,221960
2021-05-28,MX,Mexico,AMRO,2932,2402722,272,222232
2021-05-29,MX,Mexico,AMRO,3050,2405772,429,222661
2021-05-30,MX,Mexico,AMRO,3006,2408778,411,223072
2021-05-31,MX,Mexico,AMRO,2725,2411503,383,223455
2021-06-01,MX,Mexico,AMRO,1307,2412810,52,223507
2021-06-02,MX,Mexico,AMRO,932,2413742,61,223568
2021-06-03,MX,Mexico,AMRO,6917,2420659,4272,227840
2021-06-04,MX,Mexico,AMRO,3269,2423928,306,228146
2021-06-05,MX,Mexico,AMRO,2894,2426822,216,228362
2021-06-06,MX,Mexico,AMRO,2809,2429631,206,228568
2021-06-07,MX,Mexico,AMRO,2649,2432280,186,228754
2021-06-08,MX,Mexico,AMRO,1401,2433681,50,228804
2021-06-09,MX,Mexico,AMRO,881,2434562,34,228838
2021-06-10,MX,Mexico,AMRO,3449,2438011,262,229100
2021-06-11,MX,Mexico,AMRO,3855,2441866,253,229353
2021-06-12,MX,Mexico,AMRO,3672,2445538,227,229580
2021-06-13,MX,Mexico,AMRO,3282,2448820,243,229823
2021-06-14,MX,Mexico,AMRO,3649,2452469,274,230097
2021-06-15,MX,Mexico,AMRO,1707,2454176,53,230150
2021-06-16,MX,Mexico,AMRO,1175,2455351,37,230187
2021-06-17,MX,Mexico,AMRO,4250,2459601,241,230428
2021-06-18,MX,Mexico,AMRO,3789,2463390,196,230624
2021-06-19,MX,Mexico,AMRO,4253,2467643,168,230792
2021-06-20,MX,Mexico,AMRO,4098,2471741,167,230959
2021-06-21,MX,Mexico,AMRO,3964,2475705,192,231151
2021-06-22,MX,Mexico,AMRO,1578,2477283,36,231187
2021-06-23,MX,Mexico,AMRO,1268,2478551,57,231244
2021-06-24,MX,Mexico,AMRO,4233,2482784,261,231505
2021-06-25,MX,Mexico,AMRO,4963,2487747,342,231847
2021-06-26,MX,Mexico,AMRO,5340,2493087,221,232068
2021-06-27,MX,Mexico,AMRO,5270,2498357,278,232346
2021-06-28,MX,Mexico,AMRO,5051,2503408,175,232521
2021-06-29,MX,Mexico,AMRO,2384,2505792,43,232564
2021-06-30,MX,Mexico,AMRO,1661,2507453,44,232608
2021-07-01,MX,Mexico,AMRO,5711,2513164,195,232803
2021-07-02,MX,Mexico,AMRO,6105,2519269,244,233047
2021-07-03,MX,Mexico,AMRO,6081,2525350,201,233248
2021-07-04,MX,Mexico,AMRO,5879,2531229,177,233425
2021-07-05,MX,Mexico,AMRO,6228,2537457,155,233580
2021-07-06,MX,Mexico,AMRO,2611,2540068,42,233622
2021-07-07,MX,Mexico,AMRO,1805,2541873,67,233689
2021-07-08,MX,Mexico,AMRO,7989,2549862,269,233958
2021-07-09,MX,Mexico,AMRO,8507,2558369,234,234192
2021-07-10,MX,Mexico,AMRO,9452,2567821,266,234458
2021-07-11,MX,Mexico,AMRO,9319,2577140,217,234675
2021-07-12,MX,Mexico,AMRO,9581,2586721,232,234907
2021-07-13,MX,Mexico,AMRO,3779,2590500,62,234969
2021-07-14,MX,Mexico,AMRO,3074,2593574,89,235058
2021-07-15,MX,Mexico,AMRO,11137,2604711,219,235277
2021-07-16,MX,Mexico,AMRO,12116,2616827,230,235507
2021-07-17,MX,Mexico,AMRO,12821,2629648,233,235740
2021-07-18,MX,Mexico,AMRO,12420,2642068,275,236015
2021-07-19,MX,Mexico,AMRO,12631,2654699,225,236240
2021-07-20,MX,Mexico,AMRO,4438,2659137,91,236331
2021-07-21,MX,Mexico,AMRO,5307,2664444,138,236469
2021-07-22,MX,Mexico,AMRO,13853,2678297,341,236810
2021-07-23,MX,Mexico,AMRO,15198,2693495,397,237207
2021-07-24,MX,Mexico,AMRO,16244,2709739,419,237626
2021-07-25,MX,Mexico,AMRO,16421,2726160,328,237954
2021-07-26,MX,Mexico,AMRO,15823,2741983,362,238316
2021-07-27,MX,Mexico,AMRO,6535,2748518,108,238424
2021-07-28,MX,Mexico,AMRO,5920,2754438,171,238595
2021-07-29,MX,Mexico,AMRO,17408,2771846,484,239079
2021-07-30,MX,Mexico,AMRO,19028,2790874,537,239616
2021-07-31,MX,Mexico,AMRO,19223,2810097,381,239997
2021-08-01,MX,Mexico,AMRO,19346,2829443,459,240456
2021-08-02,MX,Mexico,AMRO,18809,2848252,450,240906
2021-08-03,MX,Mexico,AMRO,6740,2854992,128,241034
2021-08-04,MX,Mexico,AMRO,6506,2861498,245,241279
2021-08-05,MX,Mexico,AMRO,18911,2880409,657,241936
2021-08-06,MX,Mexico,AMRO,20685,2901094,611,242547
2021-08-07,MX,Mexico,AMRO,21569,2922663,618,243165
2021-08-08,MX,Mexico,AMRO,21563,2944226,568,243733
2021-08-09,MX,Mexico,AMRO,20018,2964244,515,244248
2021-08-10,MX,Mexico,AMRO,7573,2971817,172,244420
2021-08-11,MX,Mexico,AMRO,6513,2978330,270,244690
2021-08-12,MX,Mexico,AMRO,19555,2997885,786,245476
2021-08-13,MX,Mexico,AMRO,22711,3020596,727,246203
2021-08-14,MX,Mexico,AMRO,24975,3045571,608,246811
2021-08-15,MX,Mexico,AMRO,22758,3068329,603,247414
2021-08-16,MX,Mexico,AMRO,23642,3091971,753,248167
2021-08-17,MX,Mexico,AMRO,9295,3101266,213,248380
2021-08-18,MX,Mexico,AMRO,7172,3108438,272,248652
2021-08-19,MX,Mexico,AMRO,14814,3123252,877,249529
2021-08-20,MX,Mexico,AMRO,28953,3152205,940,250469
2021-08-21,MX,Mexico,AMRO,23006,3175211,850,251319
2021-08-22,MX,Mexico,AMRO,21897,3197108,761,252080
2021-08-23,MX,Mexico,AMRO,20307,3217415,847,252927
2021-08-24,MX,Mexico,AMRO,7658,3225073,228,253155
2021-08-25,MX,Mexico,AMRO,6543,3231616,371,253526
2021-08-26,MX,Mexico,AMRO,18262,3249878,940,254466
2021-08-27,MX,Mexico,AMRO,21250,3271128,986,255452
2021-08-28,MX,Mexico,AMRO,20633,3291761,835,256287
2021-08-29,MX,Mexico,AMRO,19556,3311317,863,257150
2021-08-30,MX,Mexico,AMRO,17546,3328863,756,257906
2021-08-31,MX,Mexico,AMRO,6837,3335700,259,258165
2021-09-01,MX,Mexico,AMRO,5564,3341264,326,258491
2021-09-02,MX,Mexico,AMRO,11146,3352410,835,259326
2021-09-03,MX,Mexico,AMRO,17337,3369747,1177,260503
2021-09-04,MX,Mexico,AMRO,18138,3387885,993,261496
2021-09-05,MX,Mexico,AMRO,17409,3405294,725,262221
2021-09-06,MX,Mexico,AMRO,15586,3420880,647,262868
2021-09-07,MX,Mexico,AMRO,7504,3428384,272,263140
2021-09-08,MX,Mexico,AMRO,5127,3433511,330,263470
2021-09-09,MX,Mexico,AMRO,15784,3449295,1071,264541
2021-09-10,MX,Mexico,AMRO,15876,3465171,879,265420
2021-09-11,MX,Mexico,AMRO,14828,3479999,730,266150
2021-09-12,MX,Mexico,AMRO,14233,3494232,699,266849
2021-09-13,MX,Mexico,AMRO,12511,3506743,675,267524
2021-09-14,MX,Mexico,AMRO,5139,3511882,224,267748
2021-09-15,MX,Mexico,AMRO,4161,3516043,221,267969
2021-09-16,MX,Mexico,AMRO,12929,3528972,1047,269016
2020-01-03,RU,Russian Federation,EURO,0,0,0,0
2020-01-04,RU,Russian Federation,EURO,0,0,0,0
2020-01-05,RU,Russian Federation,EURO,0,0,0,0
2020-01-06,RU,Russian Federation,EURO,0,0,0,0
2020-01-07,RU,Russian Federation,EURO,0,0,0,0
2020-01-08,RU,Russian Federation,EURO,0,0,0,0
2020-01-09,RU,Russian Federation,EURO,0,0,0,0
2020-01-10,RU,Russian Federation,EURO,0,0,0,0
2020-01-11,RU,Russian Federation,EURO,0,0,0,0
2020-01-12,RU,Russian Federation,EURO,0,0,0,0
2020-01-13,RU,Russian Federation,EURO,0,0,0,0
2020-01-14,RU,Russian Federation,EURO,0,0,0,0
2020-01-15,RU,Russian Federation,EURO,0,0,0,0
2020-01-16,RU,Russian Federation,EURO,0,0,0,0
2020-01-17,RU,Russian Federation,EURO,0,0,0,0
2020-01-18,RU,Russian Federation,EURO,0,0,0,0
2020-01-19,RU,Russian Federation,EURO,0,0,0,0
2020-01-20,RU,Russian Federation,EURO,0,0,0,0
2020-01-21,RU,Russian Federation,EURO,0,0,0,0
2020-01-22,RU,Russian Federation,EURO,0,0,0,0
2020-01-23,RU,Russian Federation,EURO,0,0,0,0
2020-01-24,RU,Russian Federation,EURO,0,0,0,0
2020-01-25,RU,Russian Federation,EURO,0,0,0,0
2020-01-26,RU,Russian Federation,EURO,0,0,0,0
2020-01-27,RU,Russian Federation,EURO,0,0,0,0
2020-01-28,RU,Russian Federation,EURO,0,0,0,0
2020-01-29,RU,Russian Federation,EURO,0,0,0,0
2020-01-30,RU,Russian Federation,EURO,0,0,0,0
2020-01-31,RU,Russian Federation,EURO,2,2,0,0
2020-02-01,RU,Russian Federation,EURO,0,2,0,0
2020-02-02,RU,Russian Federation,EURO,0,2,0,0
2020-02-03,RU,Russian Federation,EURO,0,2,0,0
2020-02-04,RU,Russian Federation,EURO,0,2,0,0
2020-02-05,RU,Russian Federation,EURO,0,2,0,0
2020-02-06,RU,Russian Federation,EURO,0,2,0,0
2020-02-07,RU,Russian Federation,EURO,0,2,0,0
2020-02-08,RU,Russian Federation,EURO,0,2,0,0
2020-02-09,RU,Russian Federation,EURO,0,2,0,0
2020-02-10,RU,Russian Federation,EURO,0,2,0,0
2020-02-11,RU,Russian Federation,EURO,0,2,0,0
2020-02-12,RU,Russian Federation,EURO,0,2,0,0
2020-02-13,RU,Russian Federation,EURO,0,2,0,0
2020-02-14,RU,Russian Federation,EURO,0,2,0,0
2020-02-15,RU,Russian Federation,EURO,0,2,0,0
2020-02-16,RU,Russian Federation,EURO,0,2,0,0
2020-02-17,RU,Russian Federation,EURO,0,2,0,0
2020-02-18,RU,Russian Federation,EURO,0,2,0,0
2020-02-19,RU,Russian Federation,EURO,0,2,0,0
2020-02-20,RU,Russian Federation,EURO,0,2,0,0
2020-02-21,RU,Russian Federation,EURO,0,2,0,0
2020-02-22,RU,Russian Federation,EURO,0,2,0,0
2020-02-23,RU,Russian Federation,EURO,0,2,0,0
2020-02-24,RU,Russian Federation,EURO,0,2,0,0
2020-02-25,RU,Russian Federation,EURO,0,2,0,0
2020-02-26,RU,Russian Federation,EURO,0,2,0,0
2020-02-27,RU,Russian Federation,EURO,0,2,0,0
2020-02-28,RU,Russian Federation,EURO,0,2,0,0
2020-02-29,RU,Russian Federation,EURO,0,2,0,0
2020-03-01,RU,Russian Federation,EURO,0,2,0,0
2020-03-02,RU,Russian Federation,EURO,0,2,0,0
2020-03-03,RU,Russian Federation,EURO,1,3,0,0
2020-03-04,RU,Russian Federation,EURO,0,3,0,0
2020-03-05,RU,Russian Federation,EURO,0,3,0,0
2020-03-06,RU,Russian Federation,EURO,1,4,0,0
2020-03-07,RU,Russian Federation,EURO,0,4,0,0
2020-03-08,RU,Russian Federation,EURO,3,7,0,0
2020-03-09,RU,Russian Federation,EURO,0,7,0,0
2020-03-10,RU,Russian Federation,EURO,0,7,0,0
2020-03-11,RU,Russian Federation,EURO,0,7,0,0
2020-03-12,RU,Russian Federation,EURO,13,20,0,0
2020-03-13,RU,Russian Federation,EURO,14,34,0,0
2020-03-14,RU,Russian Federation,EURO,0,34,0,0
2020-03-15,RU,Russian Federation,EURO,0,34,0,0
2020-03-16,RU,Russian Federation,EURO,0,34,0,0
2020-03-17,RU,Russian Federation,EURO,59,93,0,0
2020-03-18,RU,Russian Federation,EURO,0,93,0,0
2020-03-19,RU,Russian Federation,EURO,54,147,0,0
2020-03-20,RU,Russian Federation,EURO,52,199,0,0
2020-03-21,RU,Russian Federation,EURO,54,253,0,0
2020-03-22,RU,Russian Federation,EURO,53,306,0,0
2020-03-23,RU,Russian Federation,EURO,132,438,0,0
2020-03-24,RU,Russian Federation,EURO,57,495,0,0
2020-03-25,RU,Russian Federation,EURO,163,658,0,0
2020-03-26,RU,Russian Federation,EURO,182,840,2,2
2020-03-27,RU,Russian Federation,EURO,196,1036,1,3
2020-03-28,RU,Russian Federation,EURO,228,1264,1,4
2020-03-29,RU,Russian Federation,EURO,270,1534,4,8
2020-03-30,RU,Russian Federation,EURO,303,1837,1,9
2020-03-31,RU,Russian Federation,EURO,500,2337,8,17
2020-04-01,RU,Russian Federation,EURO,440,2777,7,24
2020-04-02,RU,Russian Federation,EURO,0,2777,0,24
2020-04-03,RU,Russian Federation,EURO,771,3548,6,30
2020-04-04,RU,Russian Federation,EURO,601,4149,4,34
2020-04-05,RU,Russian Federation,EURO,582,4731,9,43
2020-04-06,RU,Russian Federation,EURO,658,5389,2,45
2020-04-07,RU,Russian Federation,EURO,954,6343,2,47
2020-04-08,RU,Russian Federation,EURO,1154,7497,11,58
2020-04-09,RU,Russian Federation,EURO,2634,10131,18,76
2020-04-10,RU,Russian Federation,EURO,1786,11917,18,94
2020-04-11,RU,Russian Federation,EURO,1667,13584,12,106
2020-04-12,RU,Russian Federation,EURO,2186,15770,24,130
2020-04-13,RU,Russian Federation,EURO,2558,18328,18,148
2020-04-14,RU,Russian Federation,EURO,2774,21102,22,170
2020-04-15,RU,Russian Federation,EURO,3388,24490,28,198
2020-04-16,RU,Russian Federation,EURO,3448,27938,34,232
2020-04-17,RU,Russian Federation,EURO,4070,32008,41,273
2020-04-18,RU,Russian Federation,EURO,4785,36793,40,313
2020-04-19,RU,Russian Federation,EURO,6060,42853,48,361
2020-04-20,RU,Russian Federation,EURO,4268,47121,44,405
2020-04-21,RU,Russian Federation,EURO,5642,52763,51,456
2020-04-22,RU,Russian Federation,EURO,5236,57999,57,513
2020-04-23,RU,Russian Federation,EURO,4774,62773,42,555
2020-04-24,RU,Russian Federation,EURO,5849,68622,60,615
2020-04-25,RU,Russian Federation,EURO,5966,74588,66,681
2020-04-26,RU,Russian Federation,EURO,6361,80949,66,747
2020-04-27,RU,Russian Federation,EURO,6198,87147,47,794
2020-04-28,RU,Russian Federation,EURO,6411,93558,73,867
2020-04-29,RU,Russian Federation,EURO,5841,99399,105,972
2020-04-30,RU,Russian Federation,EURO,7099,106498,101,1073
2020-05-01,RU,Russian Federation,EURO,7933,114431,96,1169
2020-05-02,RU,Russian Federation,EURO,9623,124054,53,1222
2020-05-03,RU,Russian Federation,EURO,10633,134687,58,1280
2020-05-04,RU,Russian Federation,EURO,10581,145268,76,1356
2020-05-05,RU,Russian Federation,EURO,10102,155370,95,1451
2020-05-06,RU,Russian Federation,EURO,10559,165929,86,1537
2020-05-07,RU,Russian Federation,EURO,11231,177160,88,1625
2020-05-08,RU,Russian Federation,EURO,10699,187859,98,1723
2020-05-09,RU,Russian Federation,EURO,10817,198676,104,1827
2020-05-10,RU,Russian Federation,EURO,11012,209688,88,1915
2020-05-11,RU,Russian Federation,EURO,11656,221344,94,2009
2020-05-12,RU,Russian Federation,EURO,10899,232243,107,2116
2020-05-13,RU,Russian Federation,EURO,10028,242271,96,2212
2020-05-14,RU,Russian Federation,EURO,9974,252245,93,2305
2020-05-15,RU,Russian Federation,EURO,10598,262843,113,2418
2020-05-16,RU,Russian Federation,EURO,9200,272043,119,2537
2020-05-17,RU,Russian Federation,EURO,9709,281752,94,2631
2020-05-18,RU,Russian Federation,EURO,8926,290678,91,2722
2020-05-19,RU,Russian Federation,EURO,9263,299941,115,2837
2020-05-20,RU,Russian Federation,EURO,8764,308705,135,2972
2020-05-21,RU,Russian Federation,EURO,8849,317554,127,3099
2020-05-22,RU,Russian Federation,EURO,8894,326448,150,3249
2020-05-23,RU,Russian Federation,EURO,9434,335882,139,3388
2020-05-24,RU,Russian Federation,EURO,8599,344481,153,3541
2020-05-25,RU,Russian Federation,EURO,8946,353427,92,3633
2020-05-26,RU,Russian Federation,EURO,8915,362342,174,3807
2020-05-27,RU,Russian Federation,EURO,8338,370680,161,3968
2020-05-28,RU,Russian Federation,EURO,8371,379051,174,4142
2020-05-29,RU,Russian Federation,EURO,8572,387623,232,4374
2020-05-30,RU,Russian Federation,EURO,8952,396575,181,4555
2020-05-31,RU,Russian Federation,EURO,9268,405843,138,4693
2020-06-01,RU,Russian Federation,EURO,9035,414878,162,4855
2020-06-02,RU,Russian Federation,EURO,8863,423741,182,5037
2020-06-03,RU,Russian Federation,EURO,8536,432277,178,5215
2020-06-04,RU,Russian Federation,EURO,8831,441108,169,5384
2020-06-05,RU,Russian Federation,EURO,8726,449834,144,5528
2020-06-06,RU,Russian Federation,EURO,8855,458689,197,5725
2020-06-07,RU,Russian Federation,EURO,8984,467673,134,5859
2020-06-08,RU,Russian Federation,EURO,8985,476658,112,5971
2020-06-09,RU,Russian Federation,EURO,8595,485253,171,6142
2020-06-10,RU,Russian Federation,EURO,8404,493657,216,6358
2020-06-11,RU,Russian Federation,EURO,8779,502436,174,6532
2020-06-12,RU,Russian Federation,EURO,8987,511423,183,6715
2020-06-13,RU,Russian Federation,EURO,8706,520129,114,6829
2020-06-14,RU,Russian Federation,EURO,8835,528964,119,6948
2020-06-15,RU,Russian Federation,EURO,8246,537210,143,7091
2020-06-16,RU,Russian Federation,EURO,8248,545458,193,7284
2020-06-17,RU,Russian Federation,EURO,7843,553301,194,7478
2020-06-18,RU,Russian Federation,EURO,7790,561091,182,7660
2020-06-19,RU,Russian Federation,EURO,7972,569063,181,7841
2020-06-20,RU,Russian Federation,EURO,7889,576952,161,8002
2020-06-21,RU,Russian Federation,EURO,7728,584680,109,8111
2020-06-22,RU,Russian Federation,EURO,7600,592280,95,8206
2020-06-23,RU,Russian Federation,EURO,7425,599705,153,8359
2020-06-24,RU,Russian Federation,EURO,7176,606881,154,8513
2020-06-25,RU,Russian Federation,EURO,7113,613994,92,8605
2020-06-26,RU,Russian Federation,EURO,6800,620794,176,8781
2020-06-27,RU,Russian Federation,EURO,6852,627646,188,8969
2020-06-28,RU,Russian Federation,EURO,6791,634437,104,9073
2020-06-29,RU,Russian Federation,EURO,6719,641156,93,9166
2020-06-30,RU,Russian Federation,EURO,6693,647849,154,9320
2020-07-01,RU,Russian Federation,EURO,6556,654405,216,9536
2020-07-02,RU,Russian Federation,EURO,6760,661165,147,9683
2020-07-03,RU,Russian Federation,EURO,6718,667883,176,9859
2020-07-04,RU,Russian Federation,EURO,6632,674515,168,10027
2020-07-05,RU,Russian Federation,EURO,6736,681251,134,10161
2020-07-06,RU,Russian Federation,EURO,6611,687862,135,10296
2020-07-07,RU,Russian Federation,EURO,6368,694230,198,10494
2020-07-08,RU,Russian Federation,EURO,6562,700792,173,10667
2020-07-09,RU,Russian Federation,EURO,6509,707301,176,10843
2020-07-10,RU,Russian Federation,EURO,6635,713936,174,11017
2020-07-11,RU,Russian Federation,EURO,6611,720547,188,11205
2020-07-12,RU,Russian Federation,EURO,6615,727162,130,11335
2020-07-13,RU,Russian Federation,EURO,6537,733699,104,11439
2020-07-14,RU,Russian Federation,EURO,6248,739947,175,11614
2020-07-15,RU,Russian Federation,EURO,6422,746369,156,11770
2020-07-16,RU,Russian Federation,EURO,6428,752797,167,11937
2020-07-17,RU,Russian Federation,EURO,6406,759203,186,12123
2020-07-18,RU,Russian Federation,EURO,6234,765437,124,12247
2020-07-19,RU,Russian Federation,EURO,6109,771546,95,12342
2020-07-20,RU,Russian Federation,EURO,5940,777486,85,12427
2020-07-21,RU,Russian Federation,EURO,5842,783328,153,12580
2020-07-22,RU,Russian Federation,EURO,5862,789190,165,12745
2020-07-23,RU,Russian Federation,EURO,5848,795038,147,12892
2020-07-24,RU,Russian Federation,EURO,5811,800849,154,13046
2020-07-25,RU,Russian Federation,EURO,5871,806720,146,13192
2020-07-26,RU,Russian Federation,EURO,5765,812485,77,13269
2020-07-27,RU,Russian Federation,EURO,5635,818120,85,13354
2020-07-28,RU,Russian Federation,EURO,5395,823515,150,13504
2020-07-29,RU,Russian Federation,EURO,5475,828990,169,13673
2020-07-30,RU,Russian Federation,EURO,5509,834499,129,13802
2020-07-31,RU,Russian Federation,EURO,5482,839981,161,13963
2020-08-01,RU,Russian Federation,EURO,5462,845443,95,14058
2020-08-02,RU,Russian Federation,EURO,5427,850870,70,14128
2020-08-03,RU,Russian Federation,EURO,5394,856264,79,14207
2020-08-04,RU,Russian Federation,EURO,5159,861423,144,14351
2020-08-05,RU,Russian Federation,EURO,5204,866627,139,14490
2020-08-06,RU,Russian Federation,EURO,5267,871894,116,14606
2020-08-07,RU,Russian Federation,EURO,5241,877135,119,14725
2020-08-08,RU,Russian Federation,EURO,5212,882347,129,14854
2020-08-09,RU,Russian Federation,EURO,5189,887536,77,14931
2020-08-10,RU,Russian Federation,EURO,5118,892654,70,15001
2020-08-11,RU,Russian Federation,EURO,4945,897599,130,15131
2020-08-12,RU,Russian Federation,EURO,5102,902701,129,15260
2020-08-13,RU,Russian Federation,EURO,5057,907758,124,15384
2020-08-14,RU,Russian Federation,EURO,5065,912823,114,15498
2020-08-15,RU,Russian Federation,EURO,5061,917884,119,15617
2020-08-16,RU,Russian Federation,EURO,4969,922853,68,15685
2020-08-17,RU,Russian Federation,EURO,4892,927745,55,15740
2020-08-18,RU,Russian Federation,EURO,4748,932493,132,15872
2020-08-19,RU,Russian Federation,EURO,4828,937321,117,15989
2020-08-20,RU,Russian Federation,EURO,4785,942106,110,16099
2020-08-21,RU,Russian Federation,EURO,4870,946976,90,16189
2020-08-22,RU,Russian Federation,EURO,4921,951897,121,16310
2020-08-23,RU,Russian Federation,EURO,4852,956749,73,16383
2020-08-24,RU,Russian Federation,EURO,4744,961493,65,16448
2020-08-25,RU,Russian Federation,EURO,4696,966189,120,16568
2020-08-26,RU,Russian Federation,EURO,4676,970865,115,16683
2020-08-27,RU,Russian Federation,EURO,4711,975576,121,16804
2020-08-28,RU,Russian Federation,EURO,4829,980405,110,16914
2020-08-29,RU,Russian Federation,EURO,4941,985346,111,17025
2020-08-30,RU,Russian Federation,EURO,4980,990326,68,17093
2020-08-31,RU,Russian Federation,EURO,4993,995319,83,17176
2020-09-01,RU,Russian Federation,EURO,4729,1000048,123,17299
2020-09-02,RU,Russian Federation,EURO,4952,1005000,115,17414
2020-09-03,RU,Russian Federation,EURO,4995,1009995,114,17528
2020-09-04,RU,Russian Federation,EURO,5110,1015105,121,17649
2020-09-05,RU,Russian Federation,EURO,5205,1020310,110,17759
2020-09-06,RU,Russian Federation,EURO,5195,1025505,61,17820
2020-09-07,RU,Russian Federation,EURO,5185,1030690,51,17871
2020-09-08,RU,Russian Federation,EURO,5099,1035789,122,17993
2020-09-09,RU,Russian Federation,EURO,5218,1041007,142,18135
2020-09-10,RU,Russian Federation,EURO,5363,1046370,128,18263
2020-09-11,RU,Russian Federation,EURO,5504,1051874,102,18365
2020-09-12,RU,Russian Federation,EURO,5488,1057362,119,18484
2020-09-13,RU,Russian Federation,EURO,5449,1062811,94,18578
2020-09-14,RU,Russian Federation,EURO,5509,1068320,57,18635
2020-09-15,RU,Russian Federation,EURO,5529,1073849,150,18785
2020-09-16,RU,Russian Federation,EURO,5670,1079519,132,18917
2020-09-17,RU,Russian Federation,EURO,5762,1085281,144,19061
2020-09-18,RU,Russian Federation,EURO,5905,1091186,134,19195
2020-09-19,RU,Russian Federation,EURO,6065,1097251,144,19339
2020-09-20,RU,Russian Federation,EURO,6148,1103399,79,19418
2020-09-21,RU,Russian Federation,EURO,6196,1109595,71,19489
2020-09-22,RU,Russian Federation,EURO,6215,1115810,160,19649
2020-09-23,RU,Russian Federation,EURO,6431,1122241,150,19799
2020-09-24,RU,Russian Federation,EURO,6595,1128836,149,19948
2020-09-25,RU,Russian Federation,EURO,7212,1136048,108,20056
2020-09-26,RU,Russian Federation,EURO,7523,1143571,169,20225
2020-09-27,RU,Russian Federation,EURO,7867,1151438,99,20324
2020-09-28,RU,Russian Federation,EURO,8135,1159573,61,20385
2020-09-29,RU,Russian Federation,EURO,8232,1167805,160,20545
2020-09-30,RU,Russian Federation,EURO,8481,1176286,177,20722
2020-10-01,RU,Russian Federation,EURO,8945,1185231,169,20891
2020-10-02,RU,Russian Federation,EURO,9412,1194643,186,21077
2020-10-03,RU,Russian Federation,EURO,9859,1204502,174,21251
2020-10-04,RU,Russian Federation,EURO,10499,1215001,107,21358
2020-10-05,RU,Russian Federation,EURO,10888,1225889,117,21475
2020-10-06,RU,Russian Federation,EURO,11615,1237504,188,21663
2020-10-07,RU,Russian Federation,EURO,11115,1248619,202,21865
2020-10-08,RU,Russian Federation,EURO,11493,1260112,191,22056
2020-10-09,RU,Russian Federation,EURO,12126,1272238,201,22257
2020-10-10,RU,Russian Federation,EURO,12846,1285084,197,22454
2020-10-11,RU,Russian Federation,EURO,13634,1298718,143,22597
2020-10-12,RU,Russian Federation,EURO,13592,1312310,125,22722
2020-10-13,RU,Russian Federation,EURO,13868,1326178,244,22966
2020-10-14,RU,Russian Federation,EURO,14231,1340409,239,23205
2020-10-15,RU,Russian Federation,EURO,13754,1354163,286,23491
2020-10-16,RU,Russian Federation,EURO,15150,1369313,232,23723
2020-10-17,RU,Russian Federation,EURO,14922,1384235,279,24002
2020-10-18,RU,Russian Federation,EURO,15099,1399334,185,24187
2020-10-19,RU,Russian Federation,EURO,15982,1415316,179,24366
2020-10-20,RU,Russian Federation,EURO,16319,1431635,269,24635
2020-10-21,RU,Russian Federation,EURO,15700,1447335,317,24952
2020-10-22,RU,Russian Federation,EURO,15971,1463306,290,25242
2020-10-23,RU,Russian Federation,EURO,17340,1480646,283,25525
2020-10-24,RU,Russian Federation,EURO,16521,1497167,296,25821
2020-10-25,RU,Russian Federation,EURO,16710,1513877,229,26050
2020-10-26,RU,Russian Federation,EURO,17347,1531224,219,26269
2020-10-27,RU,Russian Federation,EURO,16550,1547774,320,26589
2020-10-28,RU,Russian Federation,EURO,16202,1563976,346,26935
2020-10-29,RU,Russian Federation,EURO,17717,1581693,366,27301
2020-10-30,RU,Russian Federation,EURO,18283,1599976,355,27656
2020-10-31,RU,Russian Federation,EURO,18140,1618116,334,27990
2020-11-01,RU,Russian Federation,EURO,18665,1636781,245,28235
2020-11-02,RU,Russian Federation,EURO,18253,1655034,238,28473
2020-11-03,RU,Russian Federation,EURO,18652,1673686,355,28828
2020-11-04,RU,Russian Federation,EURO,19768,1693454,389,29217
2020-11-05,RU,Russian Federation,EURO,19404,1712858,292,29509
2020-11-06,RU,Russian Federation,EURO,20582,1733440,378,29887
2020-11-07,RU,Russian Federation,EURO,20396,1753836,364,30251
2020-11-08,RU,Russian Federation,EURO,20498,1774334,286,30537
2020-11-09,RU,Russian Federation,EURO,21798,1796132,256,30793
2020-11-10,RU,Russian Federation,EURO,20977,1817109,368,31161
2020-11-11,RU,Russian Federation,EURO,19851,1836960,432,31593
2020-11-12,RU,Russian Federation,EURO,21608,1858568,439,32032
2020-11-13,RU,Russian Federation,EURO,21983,1880551,411,32443
2020-11-14,RU,Russian Federation,EURO,22702,1903253,391,32834
2020-11-15,RU,Russian Federation,EURO,22572,1925825,352,33186
2020-11-16,RU,Russian Federation,EURO,22778,1948603,303,33489
2020-11-17,RU,Russian Federation,EURO,22410,1971013,442,33931
2020-11-18,RU,Russian Federation,EURO,20985,1991998,456,34387
2020-11-19,RU,Russian Federation,EURO,23610,2015608,463,34850
2020-11-20,RU,Russian Federation,EURO,24318,2039926,461,35311
2020-11-21,RU,Russian Federation,EURO,24822,2064748,467,35778
2020-11-22,RU,Russian Federation,EURO,24581,2089329,401,36179
2020-11-23,RU,Russian Federation,EURO,25173,2114502,361,36540
2020-11-24,RU,Russian Federation,EURO,24326,2138828,491,37031
2020-11-25,RU,Russian Federation,EURO,23675,2162503,507,37538
2020-11-26,RU,Russian Federation,EURO,25487,2187990,524,38062
2020-11-27,RU,Russian Federation,EURO,27543,2215533,496,38558
2020-11-28,RU,Russian Federation,EURO,27100,2242633,510,39068
2020-11-29,RU,Russian Federation,EURO,26683,2269316,459,39527
2020-11-30,RU,Russian Federation,EURO,26338,2295654,368,39895
2020-12-01,RU,Russian Federation,EURO,26402,2322056,569,40464
2020-12-02,RU,Russian Federation,EURO,25345,2347401,589,41053
2020-12-03,RU,Russian Federation,EURO,28145,2375546,554,41607
2020-12-04,RU,Russian Federation,EURO,27403,2402949,569,42176
2020-12-05,RU,Russian Federation,EURO,28782,2431731,508,42684
2020-12-06,RU,Russian Federation,EURO,29039,2460770,457,43141
2020-12-07,RU,Russian Federation,EURO,28142,2488912,456,43597
2020-12-08,RU,Russian Federation,EURO,26097,2515009,562,44159
2020-12-09,RU,Russian Federation,EURO,26190,2541199,559,44718
2020-12-10,RU,Russian Federation,EURO,27927,2569126,562,45280
2020-12-11,RU,Russian Federation,EURO,28585,2597711,613,45893
2020-12-12,RU,Russian Federation,EURO,28137,2625848,560,46453
2020-12-13,RU,Russian Federation,EURO,28080,2653928,488,46941
2020-12-14,RU,Russian Federation,EURO,27328,2681256,450,47391
2020-12-15,RU,Russian Federation,EURO,26689,2707945,577,47968
2020-12-16,RU,Russian Federation,EURO,26509,2734454,596,48564
2020-12-17,RU,Russian Federation,EURO,28214,2762668,587,49151
2020-12-18,RU,Russian Federation,EURO,28552,2791220,611,49762
2020-12-19,RU,Russian Federation,EURO,28209,2819429,585,50347
2020-12-20,RU,Russian Federation,EURO,28948,2848377,511,50858
2020-12-21,RU,Russian Federation,EURO,29350,2877727,493,51351
2020-12-22,RU,Russian Federation,EURO,28776,2906503,561,51912
2020-12-23,RU,Russian Federation,EURO,27250,2933753,549,52461
2020-12-24,RU,Russian Federation,EURO,29935,2963688,635,53096
2020-12-25,RU,Russian Federation,EURO,29018,2992706,563,53659
2020-12-26,RU,Russian Federation,EURO,29258,3021964,567,54226
2020-12-27,RU,Russian Federation,EURO,28284,3050248,552,54778
2020-12-28,RU,Russian Federation,EURO,27787,3078035,487,55265
2020-12-29,RU,Russian Federation,EURO,27002,3105037,562,55827
2020-12-30,RU,Russian Federation,EURO,26513,3131550,599,56426
2020-12-31,RU,Russian Federation,EURO,27747,3159297,593,57019
2021-01-01,RU,Russian Federation,EURO,27039,3186336,536,57555
2021-01-02,RU,Russian Federation,EURO,26301,3212637,447,58002
2021-01-03,RU,Russian Federation,EURO,24150,3236787,504,58506
2021-01-04,RU,Russian Federation,EURO,23351,3260138,482,58988
2021-01-05,RU,Russian Federation,EURO,24246,3284384,518,59506
2021-01-06,RU,Russian Federation,EURO,24217,3308601,445,59951
2021-01-07,RU,Russian Federation,EURO,23541,3332142,506,60457
2021-01-08,RU,Russian Federation,EURO,23652,3355794,454,60911
2021-01-09,RU,Russian Federation,EURO,23309,3379103,470,61381
2021-01-10,RU,Russian Federation,EURO,22851,3401954,456,61837
2021-01-11,RU,Russian Federation,EURO,23315,3425269,436,62273
2021-01-12,RU,Russian Federation,EURO,22934,3448203,531,62804
2021-01-13,RU,Russian Federation,EURO,22850,3471053,566,63370
2021-01-14,RU,Russian Federation,EURO,24763,3495816,570,63940
2021-01-15,RU,Russian Federation,EURO,24715,3520531,555,64495
2021-01-16,RU,Russian Federation,EURO,24092,3544623,590,65085
2021-01-17,RU,Russian Federation,EURO,23586,3568209,481,65566
2021-01-18,RU,Russian Federation,EURO,22857,3591066,471,66037
2021-01-19,RU,Russian Federation,EURO,21734,3612800,586,66623
2021-01-20,RU,Russian Federation,EURO,21152,3633952,597,67220
2021-01-21,RU,Russian Federation,EURO,21887,3655839,612,67832
2021-01-22,RU,Russian Federation,EURO,21513,3677352,580,68412
2021-01-23,RU,Russian Federation,EURO,20921,3698273,559,68971
2021-01-24,RU,Russian Federation,EURO,21127,3719400,491,69462
2021-01-25,RU,Russian Federation,EURO,19290,3738690,456,69918
2021-01-26,RU,Russian Federation,EURO,18241,3756931,564,70482
2021-01-27,RU,Russian Federation,EURO,17741,3774672,594,71076
2021-01-28,RU,Russian Federation,EURO,19138,3793810,575,71651
2021-01-29,RU,Russian Federation,EURO,19238,3813048,534,72185
2021-01-30,RU,Russian Federation,EURO,19032,3832080,512,72697
2021-01-31,RU,Russian Federation,EURO,18359,3850439,485,73182
2021-02-01,RU,Russian Federation,EURO,17648,3868087,437,73619
2021-02-02,RU,Russian Federation,EURO,16643,3884730,539,74158
2021-02-03,RU,Russian Federation,EURO,16474,3901204,526,74684
2021-02-04,RU,Russian Federation,EURO,16714,3917918,521,75205
2021-02-05,RU,Russian Federation,EURO,16688,3934606,527,75732
2021-02-06,RU,Russian Federation,EURO,16627,3951233,497,76229
2021-02-07,RU,Russian Federation,EURO,16048,3967281,432,76661
2021-02-08,RU,Russian Federation,EURO,15916,3983197,407,77068
2021-02-09,RU,Russian Federation,EURO,15019,3998216,530,77598
2021-02-10,RU,Russian Federation,EURO,14494,4012710,536,78134
2021-02-11,RU,Russian Federation,EURO,15038,4027748,553,78687
2021-02-12,RU,Russian Federation,EURO,15089,4042837,507,79194
2021-02-13,RU,Russian Federation,EURO,14861,4057698,502,79696
2021-02-14,RU,Russian Federation,EURO,14185,4071883,430,80126
2021-02-15,RU,Russian Federation,EURO,14207,4086090,394,80520
2021-02-16,RU,Russian Federation,EURO,13233,4099323,459,80979
2021-02-17,RU,Russian Federation,EURO,12828,4112151,467,81446
2021-02-18,RU,Russian Federation,EURO,13447,4125598,480,81926
2021-02-19,RU,Russian Federation,EURO,13433,4139031,470,82396
2021-02-20,RU,Russian Federation,EURO,12953,4151984,480,82876
2021-02-21,RU,Russian Federation,EURO,12742,4164726,417,83293
2021-02-22,RU,Russian Federation,EURO,12604,4177330,337,83630
2021-02-23,RU,Russian Federation,EURO,11823,4189153,417,84047
2021-02-24,RU,Russian Federation,EURO,11749,4200902,383,84430
2021-02-25,RU,Russian Federation,EURO,11198,4212100,446,84876
2021-02-26,RU,Russian Federation,EURO,11086,4223186,428,85304
2021-02-27,RU,Russian Federation,EURO,11534,4234720,439,85743
2021-02-28,RU,Russian Federation,EURO,11359,4246079,379,86122
2021-03-01,RU,Russian Federation,EURO,11571,4257650,333,86455
2021-03-02,RU,Russian Federation,EURO,10565,4268215,441,86896
2021-03-03,RU,Russian Federation,EURO,10535,4278750,452,87348
2021-03-04,RU,Russian Federation,EURO,11385,4290135,475,87823
2021-03-05,RU,Russian Federation,EURO,11024,4301159,462,88285
2021-03-06,RU,Russian Federation,EURO,11022,4312181,441,88726
2021-03-07,RU,Russian Federation,EURO,10595,4322776,374,89100
2021-03-08,RU,Russian Federation,EURO,10253,4333029,373,89473
2021-03-09,RU,Russian Federation,EURO,9445,4342474,336,89809
2021-03-10,RU,Russian Federation,EURO,9079,4351553,466,90275
2021-03-11,RU,Russian Federation,EURO,9270,4360823,459,90734
2021-03-12,RU,Russian Federation,EURO,9794,4370617,486,91220
2021-03-13,RU,Russian Federation,EURO,9908,4380525,475,91695
2021-03-14,RU,Russian Federation,EURO,10083,4390608,395,92090
2021-03-15,RU,Russian Federation,EURO,9437,4400045,404,92494
2021-03-16,RU,Russian Federation,EURO,9393,4409438,443,92937
2021-03-17,RU,Russian Federation,EURO,8998,4418436,427,93364
2021-03-18,RU,Russian Federation,EURO,9803,4428239,460,93824
2021-03-19,RU,Russian Federation,EURO,9699,4437938,443,94267
2021-03-20,RU,Russian Federation,EURO,9632,4447570,392,94659
2021-03-21,RU,Russian Federation,EURO,9299,4456869,371,95030
2021-03-22,RU,Russian Federation,EURO,9284,4466153,361,95391
2021-03-23,RU,Russian Federation,EURO,8457,4474610,427,95818
2021-03-24,RU,Russian Federation,EURO,8861,4483471,401,96219
2021-03-25,RU,Russian Federation,EURO,9221,4492692,393,96612
2021-03-26,RU,Russian Federation,EURO,9167,4501859,405,97017
2021-03-27,RU,Russian Federation,EURO,8885,4510744,387,97404
2021-03-28,RU,Russian Federation,EURO,9088,4519832,336,97740
2021-03-29,RU,Russian Federation,EURO,8711,4528543,293,98033
2021-03-30,RU,Russian Federation,EURO,8277,4536820,409,98442
2021-03-31,RU,Russian Federation,EURO,8275,4545095,408,98850
2021-04-01,RU,Russian Federation,EURO,9169,4554264,383,99233
2021-04-02,RU,Russian Federation,EURO,8792,4563056,400,99633
2021-04-03,RU,Russian Federation,EURO,9021,4572077,384,100017
2021-04-04,RU,Russian Federation,EURO,8817,4580894,357,100374
2021-04-05,RU,Russian Federation,EURO,8646,4589540,343,100717
2021-04-06,RU,Russian Federation,EURO,8328,4597868,389,101106
2021-04-07,RU,Russian Federation,EURO,8294,4606162,374,101480
2021-04-08,RU,Russian Federation,EURO,8672,4614834,365,101845
2021-04-09,RU,Russian Federation,EURO,9150,4623984,402,102247
2021-04-10,RU,Russian Federation,EURO,8704,4632688,402,102649
2021-04-11,RU,Russian Federation,EURO,8702,4641390,337,102986
2021-04-12,RU,Russian Federation,EURO,8320,4649710,277,103263
2021-04-13,RU,Russian Federation,EURO,8173,4657883,338,103601
2021-04-14,RU,Russian Federation,EURO,8326,4666209,399,104000
2021-04-15,RU,Russian Federation,EURO,8944,4675153,398,104398
2021-04-16,RU,Russian Federation,EURO,8995,4684148,397,104795
2021-04-17,RU,Russian Federation,EURO,9321,4693469,398,105193
2021-04-18,RU,Russian Federation,EURO,8632,4702101,389,105582
2021-04-19,RU,Russian Federation,EURO,8589,4710690,346,105928
2021-04-20,RU,Russian Federation,EURO,8164,4718854,379,106307
2021-04-21,RU,Russian Federation,EURO,8271,4727125,399,106706
2021-04-22,RU,Russian Federation,EURO,8996,4736121,397,107103
2021-04-23,RU,Russian Federation,EURO,8840,4744961,398,107501
2021-04-24,RU,Russian Federation,EURO,8828,4753789,399,107900
2021-04-25,RU,Russian Federation,EURO,8780,4762569,332,108232
2021-04-26,RU,Russian Federation,EURO,8803,4771372,356,108588
2021-04-27,RU,Russian Federation,EURO,8053,4779425,392,108980
2021-04-28,RU,Russian Federation,EURO,7848,4787273,387,109367
2021-04-29,RU,Russian Federation,EURO,9284,4796557,364,109731
2021-04-30,RU,Russian Federation,EURO,8731,4805288,397,110128
2021-05-01,RU,Russian Federation,EURO,9270,4814558,392,110520
2021-05-02,RU,Russian Federation,EURO,8697,4823255,342,110862
2021-05-03,RU,Russian Federation,EURO,8489,4831744,336,111198
2021-05-04,RU,Russian Federation,EURO,7770,4839514,337,111535
2021-05-05,RU,Russian Federation,EURO,7975,4847489,360,111895
2021-05-06,RU,Russian Federation,EURO,7639,4855128,351,112246
2021-05-07,RU,Russian Federation,EURO,8386,4863514,376,112622
2021-05-08,RU,Russian Federation,EURO,8329,4871843,370,112992
2021-05-09,RU,Russian Federation,EURO,8419,4880262,334,113326
2021-05-10,RU,Russian Federation,EURO,8465,4888727,321,113647
2021-05-11,RU,Russian Federation,EURO,8115,4896842,329,113976
2021-05-12,RU,Russian Federation,EURO,8217,4905059,355,114331
2021-05-13,RU,Russian Federation,EURO,8380,4913439,392,114723
2021-05-14,RU,Russian Federation,EURO,9462,4922901,393,115116
2021-05-15,RU,Russian Federation,EURO,8790,4931691,364,115480
2021-05-16,RU,Russian Federation,EURO,8554,4940245,391,115871
2021-05-17,RU,Russian Federation,EURO,9328,4949573,340,116211
2021-05-18,RU,Russian Federation,EURO,8183,4957756,364,116575
2021-05-19,RU,Russian Federation,EURO,7920,4965676,390,116965
2021-05-20,RU,Russian Federation,EURO,9232,4974908,396,117361
2021-05-21,RU,Russian Federation,EURO,8937,4983845,378,117739
2021-05-22,RU,Russian Federation,EURO,8709,4992554,386,118125
2021-05-23,RU,Russian Federation,EURO,8951,5001505,357,118482
2021-05-24,RU,Russian Federation,EURO,8406,5009911,319,118801
2021-05-25,RU,Russian Federation,EURO,7884,5017795,393,119194
2021-05-26,RU,Russian Federation,EURO,8373,5026168,406,119600
2021-05-27,RU,Russian Federation,EURO,9039,5035207,402,120002
2021-05-28,RU,Russian Federation,EURO,9252,5044459,404,120406
2021-05-29,RU,Russian Federation,EURO,9289,5053748,401,120807
2021-05-30,RU,Russian Federation,EURO,9694,5063442,355,121162
2021-05-31,RU,Russian Federation,EURO,8475,5071917,339,121501
2021-06-01,RU,Russian Federation,EURO,9500,5081417,372,121873
2021-06-02,RU,Russian Federation,EURO,8832,5090249,394,122267
2021-06-03,RU,Russian Federation,EURO,8933,5099182,393,122660
2021-06-04,RU,Russian Federation,EURO,8947,5108129,377,123037
2021-06-05,RU,Russian Federation,EURO,9145,5117274,399,123436
2021-06-06,RU,Russian Federation,EURO,9163,5126437,351,123787
2021-06-07,RU,Russian Federation,EURO,9429,5135866,330,124117
2021-06-08,RU,Russian Federation,EURO,9977,5145843,379,124496
2021-06-09,RU,Russian Federation,EURO,10407,5156250,399,124895
2021-06-10,RU,Russian Federation,EURO,11699,5167949,383,125278
2021-06-11,RU,Russian Federation,EURO,12505,5180454,396,125674
2021-06-12,RU,Russian Federation,EURO,13510,5193964,399,126073
2021-06-13,RU,Russian Federation,EURO,14723,5208687,357,126430
2021-06-14,RU,Russian Federation,EURO,13721,5222408,371,126801
2021-06-15,RU,Russian Federation,EURO,14185,5236593,379,127180
2021-06-16,RU,Russian Federation,EURO,13397,5249990,396,127576
2021-06-17,RU,Russian Federation,EURO,14057,5264047,416,127992
2021-06-18,RU,Russian Federation,EURO,17262,5281309,453,128445
2021-06-19,RU,Russian Federation,EURO,17906,5299215,466,128911
2021-06-20,RU,Russian Federation,EURO,17611,5316826,450,129361
2021-06-21,RU,Russian Federation,EURO,17378,5334204,440,129801
2021-06-22,RU,Russian Federation,EURO,16715,5350919,546,130347
2021-06-23,RU,Russian Federation,EURO,17594,5368513,548,130895
2021-06-24,RU,Russian Federation,EURO,20182,5388695,568,131463
2021-06-25,RU,Russian Federation,EURO,20393,5409088,601,132064
2021-06-26,RU,Russian Federation,EURO,21665,5430753,619,132683
2021-06-27,RU,Russian Federation,EURO,20538,5451291,599,133282
2021-06-28,RU,Russian Federation,EURO,21650,5472941,611,133893
2021-06-29,RU,Russian Federation,EURO,20616,5493557,652,134545
2021-06-30,RU,Russian Federation,EURO,21042,5514599,669,135214
2021-07-01,RU,Russian Federation,EURO,23543,5538142,672,135886
2021-07-02,RU,Russian Federation,EURO,23218,5561360,679,136565
2021-07-03,RU,Russian Federation,EURO,24439,5585799,697,137262
2021-07-04,RU,Russian Federation,EURO,25142,5610941,663,137925
2021-07-05,RU,Russian Federation,EURO,24353,5635294,654,138579
2021-07-06,RU,Russian Federation,EURO,23378,5658672,737,139316
2021-07-07,RU,Russian Federation,EURO,23962,5682634,725,140041
2021-07-08,RU,Russian Federation,EURO,24818,5707452,734,140775
2021-07-09,RU,Russian Federation,EURO,25766,5733218,726,141501
2021-07-10,RU,Russian Federation,EURO,25082,5758300,752,142253
2021-07-11,RU,Russian Federation,EURO,25033,5783333,749,143002
2021-07-12,RU,Russian Federation,EURO,25140,5808473,710,143712
2021-07-13,RU,Russian Federation,EURO,24702,5833175,780,144492
2021-07-14,RU,Russian Federation,EURO,23827,5857002,786,145278
2021-07-15,RU,Russian Federation,EURO,25293,5882295,791,146069
2021-07-16,RU,Russian Federation,EURO,25704,5907999,799,146868
2021-07-17,RU,Russian Federation,EURO,25116,5933115,787,147655
2021-07-18,RU,Russian Federation,EURO,25018,5958133,764,148419
2021-07-19,RU,Russian Federation,EURO,24633,5982766,719,149138
2021-07-20,RU,Russian Federation,EURO,23770,6006536,784,149922
2021-07-21,RU,Russian Federation,EURO,23704,6030240,783,150705
2021-07-22,RU,Russian Federation,EURO,24471,6054711,796,151501
2021-07-23,RU,Russian Federation,EURO,23811,6078522,795,152296
2021-07-24,RU,Russian Federation,EURO,23947,6102469,799,153095
2021-07-25,RU,Russian Federation,EURO,24072,6126541,779,153874
2021-07-26,RU,Russian Federation,EURO,23239,6149780,727,154601
2021-07-27,RU,Russian Federation,EURO,23032,6172812,779,155380
2021-07-28,RU,Russian Federation,EURO,22420,6195232,798,156178
2021-07-29,RU,Russian Federation,EURO,23270,6218502,799,156977
2021-07-30,RU,Russian Federation,EURO,23564,6242066,794,157771
2021-07-31,RU,Russian Federation,EURO,23807,6265873,792,158563
2021-08-01,RU,Russian Federation,EURO,22804,6288677,789,159352
2021-08-02,RU,Russian Federation,EURO,23508,6312185,785,160137
2021-08-03,RU,Russian Federation,EURO,22010,6334195,788,160925
2021-08-04,RU,Russian Federation,EURO,22589,6356784,790,161715
2021-08-05,RU,Russian Federation,EURO,23120,6379904,794,162509
2021-08-06,RU,Russian Federation,EURO,22660,6402564,792,163301
2021-08-07,RU,Russian Federation,EURO,22320,6424884,793,164094
2021-08-08,RU,Russian Federation,EURO,22866,6447750,787,164881
2021-08-09,RU,Russian Federation,EURO,22160,6469910,769,165650
2021-08-10,RU,Russian Federation,EURO,21378,6491288,792,166442
2021-08-11,RU,Russian Federation,EURO,21571,6512859,799,167241
2021-08-12,RU,Russian Federation,EURO,21932,6534791,808,168049
2021-08-13,RU,Russian Federation,EURO,22277,6557068,815,168864
2021-08-14,RU,Russian Federation,EURO,22144,6579212,819,169683
2021-08-15,RU,Russian Federation,EURO,21624,6600836,816,170499
2021-08-16,RU,Russian Federation,EURO,20765,6621601,806,171305
2021-08-17,RU,Russian Federation,EURO,20958,6642559,805,172110
2021-08-18,RU,Russian Federation,EURO,20914,6663473,799,172909
2021-08-19,RU,Russian Federation,EURO,21058,6684531,791,173700
2021-08-20,RU,Russian Federation,EURO,20992,6705523,785,174485
2021-08-21,RU,Russian Federation,EURO,21000,6726523,797,175282
2021-08-22,RU,Russian Federation,EURO,20564,6747087,762,176044
2021-08-23,RU,Russian Federation,EURO,19454,6766541,776,176820
2021-08-24,RU,Russian Federation,EURO,18833,6785374,794,177614
2021-08-25,RU,Russian Federation,EURO,19536,6804910,809,178423
2021-08-26,RU,Russian Federation,EURO,19630,6824540,820,179243
2021-08-27,RU,Russian Federation,EURO,19509,6844049,798,180041
2021-08-28,RU,Russian Federation,EURO,19492,6863541,799,180840
2021-08-29,RU,Russian Federation,EURO,19286,6882827,797,181637
2021-08-30,RU,Russian Federation,EURO,18325,6901152,792,182429
2021-08-31,RU,Russian Federation,EURO,17813,6918965,795,183224
2021-09-01,RU,Russian Federation,EURO,18368,6937333,790,184014
2021-09-02,RU,Russian Federation,EURO,18985,6956318,798,184812
2021-09-03,RU,Russian Federation,EURO,18856,6975174,799,185611
2021-09-04,RU,Russian Federation,EURO,18780,6993954,796,186407
2021-09-05,RU,Russian Federation,EURO,18645,7012599,793,187200
2021-09-06,RU,Russian Federation,EURO,17856,7030455,790,187990
2021-09-07,RU,Russian Federation,EURO,17425,7047880,795,188785
2021-09-08,RU,Russian Federation,EURO,18024,7065904,797,189582
2021-09-09,RU,Russian Federation,EURO,18380,7084284,794,190376
2021-09-10,RU,Russian Federation,EURO,18341,7102625,789,191165
2021-09-11,RU,Russian Federation,EURO,18891,7121516,796,191961
2021-09-12,RU,Russian Federation,EURO,18554,7140070,788,192749
2021-09-13,RU,Russian Federation,EURO,18178,7158248,719,193468
2021-09-14,RU,Russian Federation,EURO,17837,7176085,781,194249
2021-09-15,RU,Russian Federation,EURO,18841,7194926,792,195041
2021-09-16,RU,Russian Federation,EURO,19594,7214520,794,195835
2020-01-03,ES,Spain,EURO,0,0,0,0
2020-01-04,ES,Spain,EURO,0,0,0,0
2020-01-05,ES,Spain,EURO,0,0,0,0
2020-01-06,ES,Spain,EURO,0,0,0,0
2020-01-07,ES,Spain,EURO,0,0,0,0
2020-01-08,ES,Spain,EURO,0,0,0,0
2020-01-09,ES,Spain,EURO,0,0,0,0
2020-01-10,ES,Spain,EURO,0,0,0,0
2020-01-11,ES,Spain,EURO,0,0,0,0
2020-01-12,ES,Spain,EURO,0,0,0,0
2020-01-13,ES,Spain,EURO,0,0,0,0
2020-01-14,ES,Spain,EURO,0,0,0,0
2020-01-15,ES,Spain,EURO,0,0,0,0
2020-01-16,ES,Spain,EURO,0,0,0,0
2020-01-17,ES,Spain,EURO,0,0,0,0
2020-01-18,ES,Spain,EURO,0,0,0,0
2020-01-19,ES,Spain,EURO,0,0,0,0
2020-01-20,ES,Spain,EURO,0,0,0,0
2020-01-21,ES,Spain,EURO,0,0,0,0
2020-01-22,ES,Spain,EURO,0,0,0,0
2020-01-23,ES,Spain,EURO,0,0,0,0
2020-01-24,ES,Spain,EURO,0,0,0,0
2020-01-25,ES,Spain,EURO,0,0,0,0
2020-01-26,ES,Spain,EURO,0,0,0,0
2020-01-27,ES,Spain,EURO,0,0,0,0
2020-01-28,ES,Spain,EURO,0,0,0,0
2020-01-29,ES,Spain,EURO,0,0,0,0
2020-01-30,ES,Spain,EURO,0,0,0,0
2020-01-31,ES,Spain,EURO,0,0,0,0
2020-02-01,ES,Spain,EURO,0,0,0,0
2020-02-02,ES,Spain,EURO,2,2,0,0
2020-02-03,ES,Spain,EURO,0,2,0,0
2020-02-04,ES,Spain,EURO,0,2,0,0
2020-02-05,ES,Spain,EURO,0,2,0,0
2020-02-06,ES,Spain,EURO,0,2,0,0
2020-02-07,ES,Spain,EURO,0,2,0,0
2020-02-08,ES,Spain,EURO,0,2,0,0
2020-02-09,ES,Spain,EURO,0,2,0,0
2020-02-10,ES,Spain,EURO,0,2,0,0
2020-02-11,ES,Spain,EURO,1,3,0,0
2020-02-12,ES,Spain,EURO,0,3,0,0
2020-02-13,ES,Spain,EURO,0,3,1,1
2020-02-14,ES,Spain,EURO,3,6,0,1
2020-02-15,ES,Spain,EURO,0,6,0,1
2020-02-16,ES,Spain,EURO,0,6,0,1
2020-02-17,ES,Spain,EURO,0,6,0,1
2020-02-18,ES,Spain,EURO,0,6,0,1
2020-02-19,ES,Spain,EURO,0,6,0,1
2020-02-20,ES,Spain,EURO,0,6,0,1
2020-02-21,ES,Spain,EURO,0,6,0,1
2020-02-22,ES,Spain,EURO,0,6,0,1
2020-02-23,ES,Spain,EURO,1,7,0,1
2020-02-24,ES,Spain,EURO,1,8,0,1
2020-02-25,ES,Spain,EURO,2,10,0,1
2020-02-26,ES,Spain,EURO,2,12,0,1
2020-02-27,ES,Spain,EURO,1,13,0,1
2020-02-28,ES,Spain,EURO,7,20,0,1
2020-02-29,ES,Spain,EURO,23,43,0,1
2020-03-01,ES,Spain,EURO,23,66,0,1
2020-03-02,ES,Spain,EURO,19,85,0,1
2020-03-03,ES,Spain,EURO,37,122,0,1
2020-03-04,ES,Spain,EURO,72,194,0,1
2020-03-05,ES,Spain,EURO,85,279,1,2
2020-03-06,ES,Spain,EURO,99,378,2,4
2020-03-07,ES,Spain,EURO,190,568,1,5
2020-03-08,ES,Spain,EURO,274,842,3,8
2020-03-09,ES,Spain,EURO,290,1132,3,11
2020-03-10,ES,Spain,EURO,369,1501,14,25
2020-03-11,ES,Spain,EURO,650,2151,17,42
2020-03-12,ES,Spain,EURO,1036,3187,28,70
2020-03-13,ES,Spain,EURO,1346,4533,35,105
2020-03-14,ES,Spain,EURO,1811,6344,59,164
2020-03-15,ES,Spain,EURO,2178,8522,79,243
2020-03-16,ES,Spain,EURO,2032,10554,108,351
2020-03-17,ES,Spain,EURO,2310,12864,131,482
2020-03-18,ES,Spain,EURO,3263,16127,183,665
2020-03-19,ES,Spain,EURO,4482,20609,191,856
2020-03-20,ES,Spain,EURO,4786,25395,246,1102
2020-03-21,ES,Spain,EURO,5880,31275,322,1424
2020-03-22,ES,Spain,EURO,6527,37802,433,1857
2020-03-23,ES,Spain,EURO,5793,43595,506,2363
2020-03-24,ES,Spain,EURO,5323,48918,551,2914
2020-03-25,ES,Spain,EURO,8206,57124,686,3600
2020-03-26,ES,Spain,EURO,9724,66848,723,4323
2020-03-27,ES,Spain,EURO,10138,76986,824,5147
2020-03-28,ES,Spain,EURO,10113,87099,871,6018
2020-03-29,ES,Spain,EURO,9750,96849,924,6942
2020-03-30,ES,Spain,EURO,7096,103945,839,7781
2020-03-31,ES,Spain,EURO,5092,109037,811,8592
2020-04-01,ES,Spain,EURO,8008,117045,913,9505
2020-04-02,ES,Spain,EURO,7925,124970,899,10404
2020-04-03,ES,Spain,EURO,7058,132028,895,11299
2020-04-04,ES,Spain,EURO,6905,138933,858,12157
2020-04-05,ES,Spain,EURO,6823,145756,786,12943
2020-04-06,ES,Spain,EURO,4670,150426,740,13683
2020-04-07,ES,Spain,EURO,3146,153572,750,14433
2020-04-08,ES,Spain,EURO,5396,158968,766,15199
2020-04-09,ES,Spain,EURO,5324,164292,736,15935
2020-04-10,ES,Spain,EURO,5487,169779,749,16684
2020-04-11,ES,Spain,EURO,4612,174391,667,17351
2020-04-12,ES,Spain,EURO,4438,178829,676,18027
2020-04-13,ES,Spain,EURO,3075,181904,628,18655
2020-04-14,ES,Spain,EURO,2379,184283,544,19199
2020-04-15,ES,Spain,EURO,3127,187410,587,19786
2020-04-16,ES,Spain,EURO,3993,191403,607,20393
2020-04-17,ES,Spain,EURO,3703,195106,552,20945
2020-04-18,ES,Spain,EURO,3417,198523,487,21432
2020-04-19,ES,Spain,EURO,3464,201987,507,21939
2020-04-20,ES,Spain,EURO,2181,204168,435,22374
2020-04-21,ES,Spain,EURO,1445,205613,401,22775
2020-04-22,ES,Spain,EURO,2517,208130,387,23162
2020-04-23,ES,Spain,EURO,2731,210861,427,23589
2020-04-24,ES,Spain,EURO,2769,213630,344,23933
2020-04-25,ES,Spain,EURO,2222,215852,331,24264
2020-04-26,ES,Spain,EURO,2284,218136,330,24594
2020-04-27,ES,Spain,EURO,1293,219429,295,24889
2020-04-28,ES,Spain,EURO,817,220246,272,25161
2020-04-29,ES,Spain,EURO,1654,221900,258,25419
2020-04-30,ES,Spain,EURO,1737,223637,259,25678
2020-05-01,ES,Spain,EURO,1483,225120,236,25914
2020-05-02,ES,Spain,EURO,1440,226560,223,26137
2020-05-03,ES,Spain,EURO,794,227354,176,26313
2020-05-04,ES,Spain,EURO,566,227920,202,26515
2020-05-05,ES,Spain,EURO,451,228371,197,26712
2020-05-06,ES,Spain,EURO,1013,229384,186,26898
2020-05-07,ES,Spain,EURO,981,230365,183,27081
2020-05-08,ES,Spain,EURO,981,231346,153,27234
2020-05-09,ES,Spain,EURO,957,232303,166,27400
2020-05-10,ES,Spain,EURO,920,233223,146,27546
2020-05-11,ES,Spain,EURO,491,233714,125,27671
2020-05-12,ES,Spain,EURO,316,234030,110,27781
2020-05-13,ES,Spain,EURO,587,234617,122,27903
2020-05-14,ES,Spain,EURO,698,235315,113,28016
2020-05-15,ES,Spain,EURO,787,236102,87,28103
2020-05-16,ES,Spain,EURO,775,236877,85,28188
2020-05-17,ES,Spain,EURO,787,237664,77,28265
2020-05-18,ES,Spain,EURO,343,238007,63,28328
2020-05-19,ES,Spain,EURO,240,238247,61,28389
2020-05-20,ES,Spain,EURO,616,238863,72,28461
2020-05-21,ES,Spain,EURO,815,239678,69,28530
2020-05-22,ES,Spain,EURO,725,240403,57,28587
2020-05-23,ES,Spain,EURO,762,241165,70,28657
2020-05-24,ES,Spain,EURO,802,241967,71,28728
2020-05-25,ES,Spain,EURO,308,242275,61,28789
2020-05-26,ES,Spain,EURO,262,242537,55,28844
2020-05-27,ES,Spain,EURO,536,243073,67,28911
2020-05-28,ES,Spain,EURO,728,243801,55,28966
2020-05-29,ES,Spain,EURO,602,244403,45,29011
2020-05-30,ES,Spain,EURO,644,245047,40,29051
2020-05-31,ES,Spain,EURO,704,245751,45,29096
2020-06-01,ES,Spain,EURO,333,246084,43,29139
2020-06-02,ES,Spain,EURO,175,246259,40,29179
2020-06-03,ES,Spain,EURO,342,246601,35,29214
2020-06-04,ES,Spain,EURO,459,247060,47,29261
2020-06-05,ES,Spain,EURO,571,247631,39,29300
2020-06-06,ES,Spain,EURO,483,248114,48,29348
2020-06-07,ES,Spain,EURO,632,248746,23,29371
2020-06-08,ES,Spain,EURO,256,249002,30,29401
2020-06-09,ES,Spain,EURO,141,249143,21,29422
2020-06-10,ES,Spain,EURO,329,249472,29,29451
2020-06-11,ES,Spain,EURO,430,249902,15,29466
2020-06-12,ES,Spain,EURO,439,250341,31,29497
2020-06-13,ES,Spain,EURO,372,250713,24,29521
2020-06-14,ES,Spain,EURO,478,251191,19,29540
2020-06-15,ES,Spain,EURO,119,251310,24,29564
2020-06-16,ES,Spain,EURO,85,251395,18,29582
2020-06-17,ES,Spain,EURO,284,251679,20,29602
2020-06-18,ES,Spain,EURO,376,252055,11,29613
2020-06-19,ES,Spain,EURO,341,252396,25,29638
2020-06-20,ES,Spain,EURO,360,252756,12,29650
2020-06-21,ES,Spain,EURO,338,253094,18,29668
2020-06-22,ES,Spain,EURO,226,253320,15,29683
2020-06-23,ES,Spain,EURO,167,253487,15,29698
2020-06-24,ES,Spain,EURO,242,253729,7,29705
2020-06-25,ES,Spain,EURO,434,254163,8,29713
2020-06-26,ES,Spain,EURO,334,254497,12,29725
2020-06-27,ES,Spain,EURO,356,254853,11,29736
2020-06-28,ES,Spain,EURO,475,255328,9,29745
2020-06-29,ES,Spain,EURO,251,255579,3,29748
2020-06-30,ES,Spain,EURO,190,255769,13,29761
2020-07-01,ES,Spain,EURO,272,256041,11,29772
2020-07-02,ES,Spain,EURO,447,256488,11,29783
2020-07-03,ES,Spain,EURO,455,256943,10,29793
2020-07-04,ES,Spain,EURO,487,257430,1,29794
2020-07-05,ES,Spain,EURO,590,258020,5,29799
2020-07-06,ES,Spain,EURO,293,258313,6,29805
2020-07-07,ES,Spain,EURO,207,258520,0,29805
2020-07-08,ES,Spain,EURO,343,258863,4,29809
2020-07-09,ES,Spain,EURO,710,259573,6,29815
2020-07-10,ES,Spain,EURO,740,260313,4,29819
2020-07-11,ES,Spain,EURO,848,261161,1,29820
2020-07-12,ES,Spain,EURO,1147,262308,5,29825
2020-07-13,ES,Spain,EURO,613,262921,6,29831
2020-07-14,ES,Spain,EURO,390,263311,2,29833
2020-07-15,ES,Spain,EURO,856,264167,2,29835
2020-07-16,ES,Spain,EURO,1261,265428,3,29838
2020-07-17,ES,Spain,EURO,1561,266989,5,29843
2020-07-18,ES,Spain,EURO,1635,268624,3,29846
2020-07-19,ES,Spain,EURO,2088,270712,2,29848
2020-07-20,ES,Spain,EURO,1529,272241,3,29851
2020-07-21,ES,Spain,EURO,1173,273414,6,29857
2020-07-22,ES,Spain,EURO,1593,275007,8,29865
2020-07-23,ES,Spain,EURO,2351,277358,8,29873
2020-07-24,ES,Spain,EURO,2372,279730,4,29877
2020-07-25,ES,Spain,EURO,2391,282121,3,29880
2020-07-26,ES,Spain,EURO,2871,284992,7,29887
2020-07-27,ES,Spain,EURO,1730,286722,11,29898
2020-07-28,ES,Spain,EURO,1413,288135,7,29905
2020-07-29,ES,Spain,EURO,2063,290198,10,29915
2020-07-30,ES,Spain,EURO,2950,293148,13,29928
2020-07-31,ES,Spain,EURO,3178,296326,11,29939
2020-08-01,ES,Spain,EURO,3442,299768,12,29951
2020-08-02,ES,Spain,EURO,3868,303636,16,29967
2020-08-03,ES,Spain,EURO,3030,306666,12,29979
2020-08-04,ES,Spain,EURO,1838,308504,15,29994
2020-08-05,ES,Spain,EURO,2711,311215,12,30006
2020-08-06,ES,Spain,EURO,4405,315620,20,30026
2020-08-07,ES,Spain,EURO,4281,319901,13,30039
2020-08-08,ES,Spain,EURO,4818,324719,30,30069
2020-08-09,ES,Spain,EURO,5659,330378,23,30092
2020-08-10,ES,Spain,EURO,3537,333915,31,30123
2020-08-11,ES,Spain,EURO,2630,336545,18,30141
2020-08-12,ES,Spain,EURO,3860,340405,31,30172
2020-08-13,ES,Spain,EURO,6007,346412,31,30203
2020-08-14,ES,Spain,EURO,6401,352813,29,30232
2020-08-15,ES,Spain,EURO,7036,359849,25,30257
2020-08-16,ES,Spain,EURO,8350,368199,37,30294
2020-08-17,ES,Spain,EURO,4843,373042,30,30324
2020-08-18,ES,Spain,EURO,3314,376356,24,30348
2020-08-19,ES,Spain,EURO,4993,381349,31,30379
2020-08-20,ES,Spain,EURO,8478,389827,43,30422
2020-08-21,ES,Spain,EURO,8641,398468,48,30470
2020-08-22,ES,Spain,EURO,9040,407508,40,30510
2020-08-23,ES,Spain,EURO,10478,417986,44,30554
2020-08-24,ES,Spain,EURO,6056,424042,44,30598
2020-08-25,ES,Spain,EURO,4304,428346,56,30654
2020-08-26,ES,Spain,EURO,6026,434372,55,30709
2020-08-27,ES,Spain,EURO,10302,444674,44,30753
2020-08-28,ES,Spain,EURO,10310,454984,51,30804
2020-08-29,ES,Spain,EURO,10331,465315,48,30852
2020-08-30,ES,Spain,EURO,11956,477271,68,30920
2020-08-31,ES,Spain,EURO,6881,484152,53,30973
2020-09-01,ES,Spain,EURO,5191,489343,59,31032
2020-09-02,ES,Spain,EURO,6672,496015,65,31097
2020-09-03,ES,Spain,EURO,10455,506470,70,31167
2020-09-04,ES,Spain,EURO,10698,517168,79,31246
2020-09-05,ES,Spain,EURO,10952,528120,81,31327
2020-09-06,ES,Spain,EURO,13170,541290,83,31410
2020-09-07,ES,Spain,EURO,7874,549164,67,31477
2020-09-08,ES,Spain,EURO,5493,554657,61,31538
2020-09-09,ES,Spain,EURO,7026,561683,81,31619
2020-09-10,ES,Spain,EURO,11952,573635,86,31705
2020-09-11,ES,Spain,EURO,12782,586417,94,31799
2020-09-12,ES,Spain,EURO,12989,599406,96,31895
2020-09-13,ES,Spain,EURO,14420,613826,98,31993
2020-09-14,ES,Spain,EURO,8308,622134,102,32095
2020-09-15,ES,Spain,EURO,6415,628549,106,32201
2020-09-16,ES,Spain,EURO,8184,636733,109,32310
2020-09-17,ES,Spain,EURO,13806,650539,127,32437
2020-09-18,ES,Spain,EURO,14031,664570,110,32547
2020-09-19,ES,Spain,EURO,13773,678343,124,32671
2020-09-20,ES,Spain,EURO,16740,695083,113,32784
2020-09-21,ES,Spain,EURO,8341,703424,123,32907
2020-09-22,ES,Spain,EURO,5880,709304,103,33010
2020-09-23,ES,Spain,EURO,8030,717334,124,33134
2020-09-24,ES,Spain,EURO,12799,730133,126,33260
2020-09-25,ES,Spain,EURO,12751,742884,111,33371
2020-09-26,ES,Spain,EURO,12658,755542,134,33505
2020-09-27,ES,Spain,EURO,13558,769100,130,33635
2020-09-28,ES,Spain,EURO,7672,776772,116,33751
2020-09-29,ES,Spain,EURO,5073,781845,120,33871
2020-09-30,ES,Spain,EURO,7081,788926,142,34013
2020-10-01,ES,Spain,EURO,11330,800256,146,34159
2020-10-02,ES,Spain,EURO,11224,811480,154,34313
2020-10-03,ES,Spain,EURO,11047,822527,134,34447
2020-10-04,ES,Spain,EURO,12364,834891,132,34579
2020-10-05,ES,Spain,EURO,6886,841777,106,34685
2020-10-06,ES,Spain,EURO,5126,846903,95,34780
2020-10-07,ES,Spain,EURO,8862,855765,126,34906
2020-10-08,ES,Spain,EURO,12230,867995,132,35038
2020-10-09,ES,Spain,EURO,12388,880383,133,35171
2020-10-10,ES,Spain,EURO,13852,894235,133,35304
2020-10-11,ES,Spain,EURO,14793,909028,154,35458
2020-10-12,ES,Spain,EURO,8733,917761,137,35595
2020-10-13,ES,Spain,EURO,6770,924531,113,35708
2020-10-14,ES,Spain,EURO,6330,930861,128,35836
2020-10-15,ES,Spain,EURO,12382,943243,146,35982
2020-10-16,ES,Spain,EURO,16384,959627,139,36121
2020-10-17,ES,Spain,EURO,17523,977150,149,36270
2020-10-18,ES,Spain,EURO,18308,995458,149,36419
2020-10-19,ES,Spain,EURO,11970,1007428,129,36548
2020-10-20,ES,Spain,EURO,8280,1015708,152,36700
2020-10-21,ES,Spain,EURO,15711,1031419,172,36872
2020-10-22,ES,Spain,EURO,20944,1052363,188,37060
2020-10-23,ES,Spain,EURO,23256,1075619,173,37233
2020-10-24,ES,Spain,EURO,23879,1099498,212,37445
2020-10-25,ES,Spain,EURO,25072,1124570,215,37660
2020-10-26,ES,Spain,EURO,15510,1140080,191,37851
2020-10-27,ES,Spain,EURO,11302,1151382,192,38043
2020-10-28,ES,Spain,EURO,20021,1171403,217,38260
2020-10-29,ES,Spain,EURO,24396,1195799,244,38504
2020-10-30,ES,Spain,EURO,24671,1220470,247,38751
2020-10-31,ES,Spain,EURO,24248,1244718,254,39005
2020-11-01,ES,Spain,EURO,25017,1269735,260,39265
2020-11-02,ES,Spain,EURO,16121,1285856,268,39533
2020-11-03,ES,Spain,EURO,10947,1296803,267,39800
2020-11-04,ES,Spain,EURO,15494,1312297,305,40105
2020-11-05,ES,Spain,EURO,22016,1334313,322,40427
2020-11-06,ES,Spain,EURO,24109,1358422,357,40784
2020-11-07,ES,Spain,EURO,23543,1381965,331,41115
2020-11-08,ES,Spain,EURO,23489,1405454,357,41472
2020-11-09,ES,Spain,EURO,14598,1420052,284,41756
2020-11-10,ES,Spain,EURO,9851,1429903,317,42073
2020-11-11,ES,Spain,EURO,16522,1446425,319,42392
2020-11-12,ES,Spain,EURO,20563,1466988,349,42741
2020-11-13,ES,Spain,EURO,19989,1486977,364,43105
2020-11-14,ES,Spain,EURO,19172,1506149,355,43460
2020-11-15,ES,Spain,EURO,18441,1524590,357,43817
2020-11-16,ES,Spain,EURO,10581,1535171,302,44119
2020-11-17,ES,Spain,EURO,6682,1541853,284,44403
2020-11-18,ES,Spain,EURO,12770,1554623,326,44729
2020-11-19,ES,Spain,EURO,15855,1570478,377,45106
2020-11-20,ES,Spain,EURO,14777,1585255,296,45402
2020-11-21,ES,Spain,EURO,13172,1598427,313,45715
2020-11-22,ES,Spain,EURO,12631,1611058,321,46036
2020-11-23,ES,Spain,EURO,7251,1618309,279,46315
2020-11-24,ES,Spain,EURO,4611,1622920,253,46568
2020-11-25,ES,Spain,EURO,9125,1632045,298,46866
2020-11-26,ES,Spain,EURO,10919,1642964,243,47109
2020-11-27,ES,Spain,EURO,9985,1652949,293,47402
2020-11-28,ES,Spain,EURO,9642,1662591,292,47694
2020-11-29,ES,Spain,EURO,9912,1672503,269,47963
2020-11-30,ES,Spain,EURO,5530,1678033,219,48182
2020-12-01,ES,Spain,EURO,3418,1681451,221,48403
2020-12-02,ES,Spain,EURO,7403,1688854,230,48633
2020-12-03,ES,Spain,EURO,9476,1698330,232,48865
2020-12-04,ES,Spain,EURO,8855,1707185,221,49086
2020-12-05,ES,Spain,EURO,8122,1715307,237,49323
2020-12-06,ES,Spain,EURO,8400,1723707,232,49555
2020-12-07,ES,Spain,EURO,4953,1728660,196,49751
2020-12-08,ES,Spain,EURO,3270,1731930,173,49924
2020-12-09,ES,Spain,EURO,5200,1737130,203,50127
2020-12-10,ES,Spain,EURO,4026,1741156,168,50295
2020-12-11,ES,Spain,EURO,8388,1749544,224,50519
2020-12-12,ES,Spain,EURO,10726,1760270,187,50706
2020-12-13,ES,Spain,EURO,11305,1771575,209,50915
2020-12-14,ES,Spain,EURO,6585,1778160,184,51099
2020-12-15,ES,Spain,EURO,4237,1782397,160,51259
2020-12-16,ES,Spain,EURO,9870,1792267,164,51423
2020-12-17,ES,Spain,EURO,12153,1804420,188,51611
2020-12-18,ES,Spain,EURO,11724,1816144,150,51761
2020-12-19,ES,Spain,EURO,10951,1827095,176,51937
2020-12-20,ES,Spain,EURO,12192,1839287,177,52114
2020-12-21,ES,Spain,EURO,6925,1846212,141,52255
2020-12-22,ES,Spain,EURO,4375,1850587,155,52410
2020-12-23,ES,Spain,EURO,10977,1861564,147,52557
2020-12-24,ES,Spain,EURO,13391,1874955,183,52740
2020-12-25,ES,Spain,EURO,14454,1889409,195,52935
2020-12-26,ES,Spain,EURO,9984,1899393,155,53090
2020-12-27,ES,Spain,EURO,4814,1904207,146,53236
2020-12-28,ES,Spain,EURO,6375,1910582,176,53412
2020-12-29,ES,Spain,EURO,5971,1916553,164,53576
2020-12-30,ES,Spain,EURO,15074,1931627,197,53773
2020-12-31,ES,Spain,EURO,18870,1950497,166,53939
2021-01-01,ES,Spain,EURO,21074,1971571,199,54138
2021-01-02,ES,Spain,EURO,15566,1987137,192,54330
2021-01-03,ES,Spain,EURO,7564,1994701,172,54502
2021-01-04,ES,Spain,EURO,10327,2005028,189,54691
2021-01-05,ES,Spain,EURO,9790,2014818,179,54870
2021-01-06,ES,Spain,EURO,21958,2036776,191,55061
2021-01-07,ES,Spain,EURO,30562,2067338,242,55303
2021-01-08,ES,Spain,EURO,14489,2081827,187,55490
2021-01-09,ES,Spain,EURO,26658,2108485,234,55724
2021-01-10,ES,Spain,EURO,32750,2141235,248,55972
2021-01-11,ES,Spain,EURO,19244,2160479,229,56201
2021-01-12,ES,Spain,EURO,13831,2174310,243,56444
2021-01-13,ES,Spain,EURO,32327,2206637,289,56733
2021-01-14,ES,Spain,EURO,37324,2243961,287,57020
2021-01-15,ES,Spain,EURO,38854,2282815,300,57320
2021-01-16,ES,Spain,EURO,38266,2321081,317,57637
2021-01-17,ES,Spain,EURO,42879,2363960,392,58029
2021-01-18,ES,Spain,EURO,24975,2388935,361,58390
2021-01-19,ES,Spain,EURO,18580,2407515,362,58752
2021-01-20,ES,Spain,EURO,35685,2443200,411,59163
2021-01-21,ES,Spain,EURO,42312,2485512,483,59646
2021-01-22,ES,Spain,EURO,41860,2527372,454,60100
2021-01-23,ES,Spain,EURO,40753,2568125,485,60585
2021-01-24,ES,Spain,EURO,42137,2610262,564,61149
2021-01-25,ES,Spain,EURO,23823,2634085,451,61600
2021-01-26,ES,Spain,EURO,17304,2651389,514,62114
2021-01-27,ES,Spain,EURO,32725,2684114,528,62642
2021-01-28,ES,Spain,EURO,37450,2721564,542,63184
2021-01-29,ES,Spain,EURO,35785,2757349,590,63774
2021-01-30,ES,Spain,EURO,33302,2790651,575,64349
2021-01-31,ES,Spain,EURO,32310,2822961,529,64878
2021-02-01,ES,Spain,EURO,18171,2841132,513,65391
2021-02-02,ES,Spain,EURO,11621,2852753,484,65875
2021-02-03,ES,Spain,EURO,22426,2875179,540,66415
2021-02-04,ES,Spain,EURO,25939,2901118,491,66906
2021-02-05,ES,Spain,EURO,23744,2924862,489,67395
2021-02-06,ES,Spain,EURO,21062,2945924,460,67855
2021-02-07,ES,Spain,EURO,20143,2966067,458,68313
2021-02-08,ES,Spain,EURO,10316,2976383,409,68722
2021-02-09,ES,Spain,EURO,6087,2982470,382,69104
2021-02-10,ES,Spain,EURO,13743,2996213,406,69510
2021-02-11,ES,Spain,EURO,15313,3011526,387,69897
2021-02-12,ES,Spain,EURO,13294,3024820,405,70302
2021-02-13,ES,Spain,EURO,11825,3036645,355,70657
2021-02-14,ES,Spain,EURO,11671,3048316,340,70997
2021-02-15,ES,Spain,EURO,5738,3054054,288,71285
2021-02-16,ES,Spain,EURO,3571,3057625,242,71527
2021-02-17,ES,Spain,EURO,8829,3066454,284,71811
2021-02-18,ES,Spain,EURO,9832,3076286,296,72107
2021-02-19,ES,Spain,EURO,8587,3084873,255,72362
2021-02-20,ES,Spain,EURO,8166,3093039,243,72605
2021-02-21,ES,Spain,EURO,7978,3101017,225,72830
2021-02-22,ES,Spain,EURO,4004,3105021,184,73014
2021-02-23,ES,Spain,EURO,2668,3107689,181,73195
2021-02-24,ES,Spain,EURO,6836,3114525,227,73422
2021-02-25,ES,Spain,EURO,7351,3121876,188,73610
2021-02-26,ES,Spain,EURO,6476,3128352,207,73817
2021-02-27,ES,Spain,EURO,6169,3134521,197,74014
2021-02-28,ES,Spain,EURO,6454,3140975,175,74189
2021-03-01,ES,Spain,EURO,3221,3144196,164,74353
2021-03-02,ES,Spain,EURO,2233,3146429,148,74501
2021-03-03,ES,Spain,EURO,5353,3151782,131,74632
2021-03-04,ES,Spain,EURO,5870,3157652,154,74786
2021-03-05,ES,Spain,EURO,5941,3163593,143,74929
2021-03-06,ES,Spain,EURO,5580,3169173,135,75064
2021-03-07,ES,Spain,EURO,5702,3174875,131,75195
2021-03-08,ES,Spain,EURO,2854,3177729,125,75320
2021-03-09,ES,Spain,EURO,2045,3179774,97,75417
2021-03-10,ES,Spain,EURO,5100,3184874,117,75534
2021-03-11,ES,Spain,EURO,5655,3190529,116,75650
2021-03-12,ES,Spain,EURO,5508,3196037,102,75752
2021-03-13,ES,Spain,EURO,5362,3201399,93,75845
2021-03-14,ES,Spain,EURO,5815,3207214,107,75952
2021-03-15,ES,Spain,EURO,2835,3210049,84,76036
2021-03-16,ES,Spain,EURO,1975,3212024,78,76114
2021-03-17,ES,Spain,EURO,5564,3217588,99,76213
2021-03-18,ES,Spain,EURO,6090,3223678,113,76326
2021-03-19,ES,Spain,EURO,5836,3229514,95,76421
2021-03-20,ES,Spain,EURO,6374,3235888,70,76491
2021-03-21,ES,Spain,EURO,4685,3240573,66,76557
2021-03-22,ES,Spain,EURO,2910,3243483,68,76625
2021-03-23,ES,Spain,EURO,2315,3245798,63,76688
2021-03-24,ES,Spain,EURO,6146,3251944,75,76763
2021-03-25,ES,Spain,EURO,7370,3259314,88,76851
2021-03-26,ES,Spain,EURO,6922,3266236,54,76905
2021-03-27,ES,Spain,EURO,7327,3273563,64,76969
2021-03-28,ES,Spain,EURO,7656,3281219,85,77054
2021-03-29,ES,Spain,EURO,4115,3285334,65,77119
2021-03-30,ES,Spain,EURO,2930,3288264,72,77191
2021-03-31,ES,Spain,EURO,7389,3295653,88,77279
2021-04-01,ES,Spain,EURO,8201,3303854,84,77363
2021-04-02,ES,Spain,EURO,9014,3312868,75,77438
2021-04-03,ES,Spain,EURO,5686,3318554,71,77509
2021-04-04,ES,Spain,EURO,3828,3322382,71,77580
2021-04-05,ES,Spain,EURO,4563,3326945,77,77657
2021-04-06,ES,Spain,EURO,4262,3331207,55,77712
2021-04-07,ES,Spain,EURO,7699,3338906,72,77784
2021-04-08,ES,Spain,EURO,10881,3349787,77,77861
2021-04-09,ES,Spain,EURO,10588,3360375,92,77953
2021-04-10,ES,Spain,EURO,10366,3370741,84,78037
2021-04-11,ES,Spain,EURO,10528,3381269,81,78118
2021-04-12,ES,Spain,EURO,5672,3386941,92,78210
2021-04-13,ES,Spain,EURO,3943,3390884,52,78262
2021-04-14,ES,Spain,EURO,9007,3399891,94,78356
2021-04-15,ES,Spain,EURO,10186,3410077,77,78433
2021-04-16,ES,Spain,EURO,10462,3420539,89,78522
2021-04-17,ES,Spain,EURO,9738,3430277,73,78595
2021-04-18,ES,Spain,EURO,10052,3440329,82,78677
2021-04-19,ES,Spain,EURO,5351,3445680,76,78753
2021-04-20,ES,Spain,EURO,3947,3449627,59,78812
2021-04-21,ES,Spain,EURO,8723,3458350,82,78894
2021-04-22,ES,Spain,EURO,10779,3469129,80,78974
2021-04-23,ES,Spain,EURO,9739,3478868,65,79039
2021-04-24,ES,Spain,EURO,9892,3488760,70,79109
2021-04-25,ES,Spain,EURO,9939,3498699,77,79186
2021-04-26,ES,Spain,EURO,5055,3503754,73,79259
2021-04-27,ES,Spain,EURO,3902,3507656,63,79322
2021-04-28,ES,Spain,EURO,9022,3516678,66,79388
2021-04-29,ES,Spain,EURO,9817,3526495,67,79455
2021-04-30,ES,Spain,EURO,9381,3535876,65,79520
2021-05-01,ES,Spain,EURO,8860,3544736,59,79579
2021-05-02,ES,Spain,EURO,9115,3553851,61,79640
2021-05-03,ES,Spain,EURO,3927,3557778,54,79694
2021-05-04,ES,Spain,EURO,3113,3560891,51,79745
2021-05-05,ES,Spain,EURO,6128,3567019,71,79816
2021-05-06,ES,Spain,EURO,7517,3574536,68,79884
2021-05-07,ES,Spain,EURO,7998,3582534,68,79952
2021-05-08,ES,Spain,EURO,6922,3589456,58,80010
2021-05-09,ES,Spain,EURO,7569,3597025,69,80079
2021-05-10,ES,Spain,EURO,3449,3600474,48,80127
2021-05-11,ES,Spain,EURO,2440,3602914,50,80177
2021-05-12,ES,Spain,EURO,6121,3609035,53,80230
2021-05-13,ES,Spain,EURO,5948,3614983,49,80279
2021-05-14,ES,Spain,EURO,5904,3620887,53,80332
2021-05-15,ES,Spain,EURO,5774,3626661,52,80384
2021-05-16,ES,Spain,EURO,5927,3632588,42,80426
2021-05-17,ES,Spain,EURO,2853,3635441,42,80468
2021-05-18,ES,Spain,EURO,2210,3637651,40,80508
2021-05-19,ES,Spain,EURO,5218,3642869,35,80543
2021-05-20,ES,Spain,EURO,6011,3648880,36,80579
2021-05-21,ES,Spain,EURO,5375,3654255,47,80626
2021-05-22,ES,Spain,EURO,5520,3659775,33,80659
2021-05-23,ES,Spain,EURO,5657,3665432,39,80698
2021-05-24,ES,Spain,EURO,2707,3668139,31,80729
2021-05-25,ES,Spain,EURO,1990,3670129,32,80761
2021-05-26,ES,Spain,EURO,4599,3674728,34,80795
2021-05-27,ES,Spain,EURO,5390,3680118,24,80819
2021-05-28,ES,Spain,EURO,5327,3685445,37,80856
2021-05-29,ES,Spain,EURO,5303,3690748,17,80873
2021-05-30,ES,Spain,EURO,5350,3696098,20,80893
2021-05-31,ES,Spain,EURO,2906,3699004,21,80914
2021-06-01,ES,Spain,EURO,1937,3700941,28,80942
2021-06-02,ES,Spain,EURO,4897,3705838,38,80980
2021-06-03,ES,Spain,EURO,5154,3710992,24,81004
2021-06-04,ES,Spain,EURO,5169,3716161,36,81040
2021-06-05,ES,Spain,EURO,4506,3720667,28,81068
2021-06-06,ES,Spain,EURO,4558,3725225,31,81099
2021-06-07,ES,Spain,EURO,2433,3727658,26,81125
2021-06-08,ES,Spain,EURO,1713,3729371,25,81150
2021-06-09,ES,Spain,EURO,4207,3733578,20,81170
2021-06-10,ES,Spain,EURO,4133,3737711,28,81198
2021-06-11,ES,Spain,EURO,4075,3741786,17,81215
2021-06-12,ES,Spain,EURO,4097,3745883,27,81242
2021-06-13,ES,Spain,EURO,4015,3749898,11,81253
2021-06-14,ES,Spain,EURO,2205,3752103,18,81271
2021-06-15,ES,Spain,EURO,1542,3753645,16,81287
2021-06-16,ES,Spain,EURO,3654,3757299,14,81301
2021-06-17,ES,Spain,EURO,4099,3761398,23,81324
2021-06-18,ES,Spain,EURO,4013,3765411,22,81346
2021-06-19,ES,Spain,EURO,3930,3769341,22,81368
2021-06-20,ES,Spain,EURO,3965,3773306,13,81381
2021-06-21,ES,Spain,EURO,2252,3775558,9,81390
2021-06-22,ES,Spain,EURO,1657,3777215,15,81405
2021-06-23,ES,Spain,EURO,3893,3781108,19,81424
2021-06-24,ES,Spain,EURO,4452,3785560,17,81441
2021-06-25,ES,Spain,EURO,5041,3790601,17,81458
2021-06-26,ES,Spain,EURO,3852,3794453,14,81472
2021-06-27,ES,Spain,EURO,5549,3800002,13,81485
2021-06-28,ES,Spain,EURO,3724,3803726,13,81498
2021-06-29,ES,Spain,EURO,3099,3806825,19,81517
2021-06-30,ES,Spain,EURO,8057,3814882,14,81531
2021-07-01,ES,Spain,EURO,10754,3825636,15,81546
2021-07-02,ES,Spain,EURO,12997,3838633,13,81559
2021-07-03,ES,Spain,EURO,13877,3852510,15,81574
2021-07-04,ES,Spain,EURO,14775,3867285,3,81577
2021-07-05,ES,Spain,EURO,10202,3877487,14,81591
2021-07-06,ES,Spain,EURO,7571,3885058,8,81599
2021-07-07,ES,Spain,EURO,16721,3901779,9,81608
2021-07-08,ES,Spain,EURO,20250,3922029,10,81618
2021-07-09,ES,Spain,EURO,22830,3944859,9,81627
2021-07-10,ES,Spain,EURO,22473,3967332,7,81634
2021-07-11,ES,Spain,EURO,24430,3991762,13,81647
2021-07-12,ES,Spain,EURO,14888,4006650,17,81664
2021-07-13,ES,Spain,EURO,12176,4018826,13,81677
2021-07-14,ES,Spain,EURO,25752,4044578,14,81691
2021-07-15,ES,Spain,EURO,28269,4072847,17,81708
2021-07-16,ES,Spain,EURO,29582,4102429,20,81728
2021-07-17,ES,Spain,EURO,29246,4131675,15,81743
2021-07-18,ES,Spain,EURO,29548,4161223,34,81777
2021-07-19,ES,Spain,EURO,18411,4179634,18,81795
2021-07-20,ES,Spain,EURO,14398,4194032,16,81811
2021-07-21,ES,Spain,EURO,29768,4223800,30,81841
2021-07-22,ES,Spain,EURO,31740,4255540,42,81883
2021-07-23,ES,Spain,EURO,31629,4287169,47,81930
2021-07-24,ES,Spain,EURO,30899,4318068,43,81973
2021-07-25,ES,Spain,EURO,29873,4347941,42,82015
2021-07-26,ES,Spain,EURO,18018,4365959,74,82089
2021-07-27,ES,Spain,EURO,12592,4378551,45,82134
2021-07-28,ES,Spain,EURO,25478,4404029,55,82189
2021-07-29,ES,Spain,EURO,28689,4432718,57,82246
2021-07-30,ES,Spain,EURO,26800,4459518,55,82301
2021-07-31,ES,Spain,EURO,25407,4484925,60,82361
2021-08-01,ES,Spain,EURO,25614,4510539,78,82439
2021-08-02,ES,Spain,EURO,14696,4525235,72,82511
2021-08-03,ES,Spain,EURO,9507,4534742,64,82575
2021-08-04,ES,Spain,EURO,19749,4554491,77,82652
2021-08-05,ES,Spain,EURO,21360,4575851,76,82728
2021-08-06,ES,Spain,EURO,20388,4596239,94,82822
2021-08-07,ES,Spain,EURO,19470,4615709,79,82901
2021-08-08,ES,Spain,EURO,18973,4634682,79,82980
2021-08-09,ES,Spain,EURO,10904,4645586,63,83043
2021-08-10,ES,Spain,EURO,7139,4652725,66,83109
2021-08-11,ES,Spain,EURO,14950,4667675,89,83198
2021-08-12,ES,Spain,EURO,17139,4684814,79,83277
2021-08-13,ES,Spain,EURO,15671,4700485,88,83365
2021-08-14,ES,Spain,EURO,14795,4715280,109,83474
2021-08-15,ES,Spain,EURO,13756,4729036,89,83563
2021-08-16,ES,Spain,EURO,7967,4737003,95,83658
2021-08-17,ES,Spain,EURO,5506,4742509,102,83760
2021-08-18,ES,Spain,EURO,9479,4751988,95,83855
2021-08-19,ES,Spain,EURO,11941,4763929,100,83955
2021-08-20,ES,Spain,EURO,12529,4776458,95,84050
2021-08-21,ES,Spain,EURO,11735,4788193,83,84133
2021-08-22,ES,Spain,EURO,11679,4799872,84,84217
2021-08-23,ES,Spain,EURO,6467,4806339,74,84291
2021-08-24,ES,Spain,EURO,4075,4810414,64,84355
2021-08-25,ES,Spain,EURO,9780,4820194,77,84432
2021-08-26,ES,Spain,EURO,9598,4829792,70,84502
2021-08-27,ES,Spain,EURO,8821,4838613,88,84590
2021-08-28,ES,Spain,EURO,8149,4846762,70,84660
2021-08-29,ES,Spain,EURO,7991,4854753,73,84733
2021-08-30,ES,Spain,EURO,3989,4858742,62,84795
2021-08-31,ES,Spain,EURO,2664,4861406,62,84857
2021-09-01,ES,Spain,EURO,6165,4867571,81,84938
2021-09-02,ES,Spain,EURO,7120,4874691,74,85012
2021-09-03,ES,Spain,EURO,5895,4880586,74,85086
2021-09-04,ES,Spain,EURO,5239,4885825,57,85143
2021-09-05,ES,Spain,EURO,4807,4890632,60,85203
2021-09-06,ES,Spain,EURO,2624,4893256,47,85250
2021-09-07,ES,Spain,EURO,1869,4895125,48,85298
2021-09-08,ES,Spain,EURO,4188,4899313,52,85350
2021-09-09,ES,Spain,EURO,4712,4904025,48,85398
2021-09-10,ES,Spain,EURO,3690,4907715,51,85449
2021-09-11,ES,Spain,EURO,3678,4911393,47,85496
2021-09-12,ES,Spain,EURO,3718,4915111,44,85540
2021-09-13,ES,Spain,EURO,1637,4916748,27,85567
2021-09-14,ES,Spain,EURO,1202,4917950,40,85607
2021-09-15,ES,Spain,EURO,2709,4920659,20,85627
2021-09-16,ES,Spain,EURO,1590,4922249,11,85638
2020-01-03,GB,The United Kingdom,EURO,0,0,0,0
2020-01-04,GB,The United Kingdom,EURO,0,0,0,0
2020-01-05,GB,The United Kingdom,EURO,0,0,0,0
2020-01-06,GB,The United Kingdom,EURO,0,0,0,0
2020-01-07,GB,The United Kingdom,EURO,0,0,0,0
2020-01-08,GB,The United Kingdom,EURO,0,0,0,0
2020-01-09,GB,The United Kingdom,EURO,0,0,0,0
2020-01-10,GB,The United Kingdom,EURO,0,0,0,0
2020-01-11,GB,The United Kingdom,EURO,0,0,0,0
2020-01-12,GB,The United Kingdom,EURO,0,0,0,0
2020-01-13,GB,The United Kingdom,EURO,0,0,0,0
2020-01-14,GB,The United Kingdom,EURO,0,0,0,0
2020-01-15,GB,The United Kingdom,EURO,0,0,0,0
2020-01-16,GB,The United Kingdom,EURO,0,0,0,0
2020-01-17,GB,The United Kingdom,EURO,0,0,0,0
2020-01-18,GB,The United Kingdom,EURO,0,0,0,0
2020-01-19,GB,The United Kingdom,EURO,0,0,0,0
2020-01-20,GB,The United Kingdom,EURO,0,0,0,0
2020-01-21,GB,The United Kingdom,EURO,0,0,0,0
2020-01-22,GB,The United Kingdom,EURO,0,0,0,0
2020-01-23,GB,The United Kingdom,EURO,0,0,0,0
2020-01-24,GB,The United Kingdom,EURO,0,0,0,0
2020-01-25,GB,The United Kingdom,EURO,0,0,0,0
2020-01-26,GB,The United Kingdom,EURO,0,0,0,0
2020-01-27,GB,The United Kingdom,EURO,0,0,0,0
2020-01-28,GB,The United Kingdom,EURO,0,0,0,0
2020-01-29,GB,The United Kingdom,EURO,0,0,0,0
2020-01-30,GB,The United Kingdom,EURO,0,0,0,0
2020-01-31,GB,The United Kingdom,EURO,0,0,0,0
2020-02-01,GB,The United Kingdom,EURO,2,2,0,0
2020-02-02,GB,The United Kingdom,EURO,0,2,0,0
2020-02-03,GB,The United Kingdom,EURO,0,2,0,0
2020-02-04,GB,The United Kingdom,EURO,0,2,0,0
2020-02-05,GB,The United Kingdom,EURO,0,2,0,0
2020-02-06,GB,The United Kingdom,EURO,0,2,0,0
2020-02-07,GB,The United Kingdom,EURO,1,3,0,0
2020-02-08,GB,The United Kingdom,EURO,0,3,0,0
2020-02-09,GB,The United Kingdom,EURO,0,3,0,0
2020-02-10,GB,The United Kingdom,EURO,4,7,0,0
2020-02-11,GB,The United Kingdom,EURO,1,8,0,0
2020-02-12,GB,The United Kingdom,EURO,0,8,0,0
2020-02-13,GB,The United Kingdom,EURO,1,9,0,0
2020-02-14,GB,The United Kingdom,EURO,0,9,0,0
2020-02-15,GB,The United Kingdom,EURO,0,9,0,0
2020-02-16,GB,The United Kingdom,EURO,0,9,0,0
2020-02-17,GB,The United Kingdom,EURO,0,9,0,0
2020-02-18,GB,The United Kingdom,EURO,0,9,0,0
2020-02-19,GB,The United Kingdom,EURO,0,9,0,0
2020-02-20,GB,The United Kingdom,EURO,0,9,0,0
2020-02-21,GB,The United Kingdom,EURO,0,9,0,0
2020-02-22,GB,The United Kingdom,EURO,0,9,0,0
2020-02-23,GB,The United Kingdom,EURO,1,10,0,0
2020-02-24,GB,The United Kingdom,EURO,0,10,0,0
2020-02-25,GB,The United Kingdom,EURO,1,11,0,0
2020-02-26,GB,The United Kingdom,EURO,2,13,0,0
2020-02-27,GB,The United Kingdom,EURO,5,18,0,0
2020-02-28,GB,The United Kingdom,EURO,4,22,0,0
2020-02-29,GB,The United Kingdom,EURO,8,30,0,0
2020-03-01,GB,The United Kingdom,EURO,12,42,0,0
2020-03-02,GB,The United Kingdom,EURO,5,47,0,0
2020-03-03,GB,The United Kingdom,EURO,22,69,0,0
2020-03-04,GB,The United Kingdom,EURO,39,108,0,0
2020-03-05,GB,The United Kingdom,EURO,56,164,0,0
2020-03-06,GB,The United Kingdom,EURO,56,220,0,0
2020-03-07,GB,The United Kingdom,EURO,50,270,1,1
2020-03-08,GB,The United Kingdom,EURO,81,351,1,2
2020-03-09,GB,The United Kingdom,EURO,68,419,0,2
2020-03-10,GB,The United Kingdom,EURO,57,476,1,3
2020-03-11,GB,The United Kingdom,EURO,147,623,4,7
2020-03-12,GB,The United Kingdom,EURO,265,888,0,7
2020-03-13,GB,The United Kingdom,EURO,405,1293,2,9
2020-03-14,GB,The United Kingdom,EURO,481,1774,1,10
2020-03-15,GB,The United Kingdom,EURO,479,2253,19,29
2020-03-16,GB,The United Kingdom,EURO,363,2616,14,43
2020-03-17,GB,The United Kingdom,EURO,442,3058,22,65
2020-03-18,GB,The United Kingdom,EURO,610,3668,17,82
2020-03-19,GB,The United Kingdom,EURO,770,4438,34,116
2020-03-20,GB,The United Kingdom,EURO,1002,5440,46,162
2020-03-21,GB,The United Kingdom,EURO,1048,6488,32,194
2020-03-22,GB,The United Kingdom,EURO,1263,7751,58,252
2020-03-23,GB,The United Kingdom,EURO,1190,8941,36,288
2020-03-24,GB,The United Kingdom,EURO,1375,10316,76,364
2020-03-25,GB,The United Kingdom,EURO,2325,12641,148,512
2020-03-26,GB,The United Kingdom,EURO,2376,15017,191,703
2020-03-27,GB,The United Kingdom,EURO,2690,17707,181,884
2020-03-28,GB,The United Kingdom,EURO,3086,20793,288,1172
2020-03-29,GB,The United Kingdom,EURO,3186,23979,292,1464
2020-03-30,GB,The United Kingdom,EURO,2814,26793,212,1676
2020-03-31,GB,The United Kingdom,EURO,2856,29649,374,2050
2020-04-01,GB,The United Kingdom,EURO,4262,33911,403,2453
2020-04-02,GB,The United Kingdom,EURO,4512,38423,672,3125
2020-04-03,GB,The United Kingdom,EURO,4935,43358,657,3782
2020-04-04,GB,The United Kingdom,EURO,4858,48216,736,4518
2020-04-05,GB,The United Kingdom,EURO,4896,53112,756,5274
2020-04-06,GB,The United Kingdom,EURO,4003,57115,599,5873
2020-04-07,GB,The United Kingdom,EURO,3585,60700,567,6440
2020-04-08,GB,The United Kingdom,EURO,5263,65963,1105,7545
2020-04-09,GB,The United Kingdom,EURO,5433,71396,1030,8575
2020-04-10,GB,The United Kingdom,EURO,5119,76515,1116,9691
2020-04-11,GB,The United Kingdom,EURO,4854,81369,1122,10813
2020-04-12,GB,The United Kingdom,EURO,4308,85677,843,11656
2020-04-13,GB,The United Kingdom,EURO,3559,89236,657,12313
2020-04-14,GB,The United Kingdom,EURO,3479,92715,724,13037
2020-04-15,GB,The United Kingdom,EURO,4167,96882,1076,14113
2020-04-16,GB,The United Kingdom,EURO,4294,101176,880,14993
2020-04-17,GB,The United Kingdom,EURO,5042,106218,1036,16029
2020-04-18,GB,The United Kingdom,EURO,5274,111492,913,16942
2020-04-19,GB,The United Kingdom,EURO,4936,116428,1105,18047
2020-04-20,GB,The United Kingdom,EURO,4699,121127,432,18479
2020-04-21,GB,The United Kingdom,EURO,3852,124979,570,19049
2020-04-22,GB,The United Kingdom,EURO,4844,129823,1224,20273
2020-04-23,GB,The United Kingdom,EURO,4767,134590,847,21120
2020-04-24,GB,The United Kingdom,EURO,5492,140082,682,21802
2020-04-25,GB,The United Kingdom,EURO,5139,145221,1010,22812
2020-04-26,GB,The United Kingdom,EURO,4948,150169,815,23627
2020-04-27,GB,The United Kingdom,EURO,3746,153915,364,23991
2020-04-28,GB,The United Kingdom,EURO,3471,157386,320,24311
2020-04-29,GB,The United Kingdom,EURO,4697,162083,969,25280
2020-04-30,GB,The United Kingdom,EURO,4718,166801,769,26049
2020-05-01,GB,The United Kingdom,EURO,5424,172225,634,26683
2020-05-02,GB,The United Kingdom,EURO,4960,177185,698,27381
2020-05-03,GB,The United Kingdom,EURO,4730,181915,584,27965
2020-05-04,GB,The United Kingdom,EURO,3227,185142,253,28218
2020-05-05,GB,The United Kingdom,EURO,2980,188122,272,28490
2020-05-06,GB,The United Kingdom,EURO,3384,191506,726,29216
2020-05-07,GB,The United Kingdom,EURO,3677,195183,647,29863
2020-05-08,GB,The United Kingdom,EURO,3822,199005,458,30321
2020-05-09,GB,The United Kingdom,EURO,3766,202771,579,30900
2020-05-10,GB,The United Kingdom,EURO,3059,205830,275,31175
2020-05-11,GB,The United Kingdom,EURO,2161,207991,217,31392
2020-05-12,GB,The United Kingdom,EURO,2319,210310,187,31579
2020-05-13,GB,The United Kingdom,EURO,3574,213884,614,32193
2020-05-14,GB,The United Kingdom,EURO,3389,217273,447,32640
2020-05-15,GB,The United Kingdom,EURO,3309,220582,352,32992
2020-05-16,GB,The United Kingdom,EURO,2627,223209,350,33342
2020-05-17,GB,The United Kingdom,EURO,2527,225736,411,33753
2020-05-18,GB,The United Kingdom,EURO,2078,227814,67,33820
2020-05-19,GB,The United Kingdom,EURO,1832,229646,146,33966
2020-05-20,GB,The United Kingdom,EURO,2574,232220,500,34466
2020-05-21,GB,The United Kingdom,EURO,3051,235271,328,34794
2020-05-22,GB,The United Kingdom,EURO,2706,237977,273,35067
2020-05-23,GB,The United Kingdom,EURO,2566,240543,291,35358
2020-05-24,GB,The United Kingdom,EURO,2054,242597,220,35578
2020-05-25,GB,The United Kingdom,EURO,1527,244124,379,35957
2020-05-26,GB,The United Kingdom,EURO,1364,245488,104,36061
2020-05-27,GB,The United Kingdom,EURO,1617,247105,131,36192
2020-05-28,GB,The United Kingdom,EURO,1655,248760,422,36614
2020-05-29,GB,The United Kingdom,EURO,1826,250586,343,36957
2020-05-30,GB,The United Kingdom,EURO,1754,252340,274,37231
2020-05-31,GB,The United Kingdom,EURO,1527,253867,154,37385
2020-06-01,GB,The United Kingdom,EURO,1120,254987,60,37445
2020-06-02,GB,The United Kingdom,EURO,1082,256069,86,37531
2020-06-03,GB,The United Kingdom,EURO,1440,257509,249,37780
2020-06-04,GB,The United Kingdom,EURO,1486,258995,254,38034
2020-06-05,GB,The United Kingdom,EURO,1362,260357,130,38164
2020-06-06,GB,The United Kingdom,EURO,1254,261611,258,38422
2020-06-07,GB,The United Kingdom,EURO,1124,262735,143,38565
2020-06-08,GB,The United Kingdom,EURO,807,263542,54,38619
2020-06-09,GB,The United Kingdom,EURO,721,264263,47,38666
2020-06-10,GB,The United Kingdom,EURO,1099,265362,195,38861
2020-06-11,GB,The United Kingdom,EURO,1152,266514,164,39025
2020-06-12,GB,The United Kingdom,EURO,1190,267704,76,39101
2020-06-13,GB,The United Kingdom,EURO,1010,268714,131,39232
2020-06-14,GB,The United Kingdom,EURO,1058,269772,107,39339
2020-06-15,GB,The United Kingdom,EURO,894,270666,27,39366
2020-06-16,GB,The United Kingdom,EURO,818,271484,29,39395
2020-06-17,GB,The United Kingdom,EURO,1044,272528,120,39515
2020-06-18,GB,The United Kingdom,EURO,1103,273631,110,39625
2020-06-19,GB,The United Kingdom,EURO,1012,274643,67,39692
2020-06-20,GB,The United Kingdom,EURO,1028,275671,84,39776
2020-06-21,GB,The United Kingdom,EURO,995,276666,71,39847
2020-06-22,GB,The United Kingdom,EURO,687,277353,31,39878
2020-06-23,GB,The United Kingdom,EURO,637,277990,14,39892
2020-06-24,GB,The United Kingdom,EURO,896,278886,94,39986
2020-06-25,GB,The United Kingdom,EURO,887,279773,87,40073
2020-06-26,GB,The United Kingdom,EURO,778,280551,99,40172
2020-06-27,GB,The United Kingdom,EURO,719,281270,77,40249
2020-06-28,GB,The United Kingdom,EURO,671,281941,40,40289
2020-06-29,GB,The United Kingdom,EURO,652,282593,31,40320
2020-06-30,GB,The United Kingdom,EURO,446,283039,21,40341
2020-07-01,GB,The United Kingdom,EURO,729,283768,53,40394
2020-07-02,GB,The United Kingdom,EURO,618,284386,97,40491
2020-07-03,GB,The United Kingdom,EURO,660,285046,41,40532
2020-07-04,GB,The United Kingdom,EURO,607,285653,49,40581
2020-07-05,GB,The United Kingdom,EURO,574,286227,32,40613
2020-07-06,GB,The United Kingdom,EURO,401,286628,19,40632
2020-07-07,GB,The United Kingdom,EURO,556,287184,11,40643
2020-07-08,GB,The United Kingdom,EURO,706,287890,54,40697
2020-07-09,GB,The United Kingdom,EURO,605,288495,57,40754
2020-07-10,GB,The United Kingdom,EURO,702,289197,31,40785
2020-07-11,GB,The United Kingdom,EURO,718,289915,34,40819
2020-07-12,GB,The United Kingdom,EURO,564,290479,17,40836
2020-07-13,GB,The United Kingdom,EURO,447,290926,9,40845
2020-07-14,GB,The United Kingdom,EURO,370,291296,10,40855
2020-07-15,GB,The United Kingdom,EURO,736,292032,44,40899
2020-07-16,GB,The United Kingdom,EURO,690,292722,26,40925
2020-07-17,GB,The United Kingdom,EURO,774,293496,24,40949
2020-07-18,GB,The United Kingdom,EURO,706,294202,26,40975
2020-07-19,GB,The United Kingdom,EURO,581,294783,9,40984
2020-07-20,GB,The United Kingdom,EURO,498,295281,11,40995
2020-07-21,GB,The United Kingdom,EURO,443,295724,10,41005
2020-07-22,GB,The United Kingdom,EURO,813,296537,25,41030
2020-07-23,GB,The United Kingdom,EURO,782,297319,17,41047
2020-07-24,GB,The United Kingdom,EURO,797,298116,9,41056
2020-07-25,GB,The United Kingdom,EURO,798,298914,32,41088
2020-07-26,GB,The United Kingdom,EURO,774,299688,15,41103
2020-07-27,GB,The United Kingdom,EURO,523,300211,8,41111
2020-07-28,GB,The United Kingdom,EURO,558,300769,3,41114
2020-07-29,GB,The United Kingdom,EURO,855,301624,21,41135
2020-07-30,GB,The United Kingdom,EURO,841,302465,34,41169
2020-07-31,GB,The United Kingdom,EURO,1038,303503,0,41169
2020-08-01,GB,The United Kingdom,EURO,925,304428,20,41189
2020-08-02,GB,The United Kingdom,EURO,677,305105,13,41202
2020-08-03,GB,The United Kingdom,EURO,543,305648,5,41207
2020-08-04,GB,The United Kingdom,EURO,555,306203,1,41208
2020-08-05,GB,The United Kingdom,EURO,1040,307243,18,41226
2020-08-06,GB,The United Kingdom,EURO,1018,308261,14,41240
2020-08-07,GB,The United Kingdom,EURO,1059,309320,18,41258
2020-08-08,GB,The United Kingdom,EURO,1083,310403,12,41270
2020-08-09,GB,The United Kingdom,EURO,944,311347,3,41273
2020-08-10,GB,The United Kingdom,EURO,694,312041,5,41278
2020-08-11,GB,The United Kingdom,EURO,615,312656,18,41296
2020-08-12,GB,The United Kingdom,EURO,1473,314129,13,41309
2020-08-13,GB,The United Kingdom,EURO,1339,315468,20,41329
2020-08-14,GB,The United Kingdom,EURO,1207,316675,18,41347
2020-08-15,GB,The United Kingdom,EURO,1147,317822,11,41358
2020-08-16,GB,The United Kingdom,EURO,1162,318984,3,41361
2020-08-17,GB,The United Kingdom,EURO,694,319678,5,41366
2020-08-18,GB,The United Kingdom,EURO,601,320279,3,41369
2020-08-19,GB,The United Kingdom,EURO,1283,321562,12,41381
2020-08-20,GB,The United Kingdom,EURO,1084,322646,16,41397
2020-08-21,GB,The United Kingdom,EURO,1243,323889,6,41403
2020-08-22,GB,The United Kingdom,EURO,1462,325351,2,41405
2020-08-23,GB,The United Kingdom,EURO,1199,326550,18,41423
2020-08-24,GB,The United Kingdom,EURO,828,327378,6,41429
2020-08-25,GB,The United Kingdom,EURO,827,328205,4,41433
2020-08-26,GB,The United Kingdom,EURO,1273,329478,16,41449
2020-08-27,GB,The United Kingdom,EURO,1247,330725,16,41465
2020-08-28,GB,The United Kingdom,EURO,1351,332076,12,41477
2020-08-29,GB,The United Kingdom,EURO,1549,333625,9,41486
2020-08-30,GB,The United Kingdom,EURO,1625,335250,12,41498
2020-08-31,GB,The United Kingdom,EURO,1222,336472,1,41499
2020-09-01,GB,The United Kingdom,EURO,1159,337631,2,41501
2020-09-02,GB,The United Kingdom,EURO,1502,339133,3,41504
2020-09-03,GB,The United Kingdom,EURO,2249,341382,10,41514
2020-09-04,GB,The United Kingdom,EURO,2993,344375,13,41527
2020-09-05,GB,The United Kingdom,EURO,3098,347473,10,41537
2020-09-06,GB,The United Kingdom,EURO,3039,350512,12,41549
2020-09-07,GB,The United Kingdom,EURO,2545,353057,2,41551
2020-09-08,GB,The United Kingdom,EURO,2447,355504,3,41554
2020-09-09,GB,The United Kingdom,EURO,3860,359364,32,41586
2020-09-10,GB,The United Kingdom,EURO,3301,362665,8,41594
2020-09-11,GB,The United Kingdom,EURO,3331,365996,14,41608
2020-09-12,GB,The United Kingdom,EURO,3597,369593,6,41614
2020-09-13,GB,The United Kingdom,EURO,3288,372881,9,41623
2020-09-14,GB,The United Kingdom,EURO,2668,375549,5,41628
2020-09-15,GB,The United Kingdom,EURO,2141,377690,9,41637
2020-09-16,GB,The United Kingdom,EURO,3392,381082,27,41664
2020-09-17,GB,The United Kingdom,EURO,3549,384631,20,41684
2020-09-18,GB,The United Kingdom,EURO,4363,388994,21,41705
2020-09-19,GB,The United Kingdom,EURO,4632,393626,27,41732
2020-09-20,GB,The United Kingdom,EURO,4958,398584,27,41759
2020-09-21,GB,The United Kingdom,EURO,4853,403437,18,41777
2020-09-22,GB,The United Kingdom,EURO,5321,408758,11,41788
2020-09-23,GB,The United Kingdom,EURO,5601,414359,37,41825
2020-09-24,GB,The United Kingdom,EURO,6405,420764,37,41862
2020-09-25,GB,The United Kingdom,EURO,7061,427825,40,41902
2020-09-26,GB,The United Kingdom,EURO,7607,435432,34,41936
2020-09-27,GB,The United Kingdom,EURO,7241,442673,35,41971
2020-09-28,GB,The United Kingdom,EURO,6758,449431,17,41988
2020-09-29,GB,The United Kingdom,EURO,6971,456402,13,42001
2020-09-30,GB,The United Kingdom,EURO,9926,466328,71,42072
2020-10-01,GB,The United Kingdom,EURO,10239,476567,71,42143
2020-10-02,GB,The United Kingdom,EURO,12559,489126,59,42202
2020-10-03,GB,The United Kingdom,EURO,13183,502309,66,42268
2020-10-04,GB,The United Kingdom,EURO,13693,516002,49,42317
2020-10-05,GB,The United Kingdom,EURO,11544,527546,33,42350
2020-10-06,GB,The United Kingdom,EURO,11807,539353,19,42369
2020-10-07,GB,The United Kingdom,EURO,16549,555902,76,42445
2020-10-08,GB,The United Kingdom,EURO,17067,572969,70,42515
2020-10-09,GB,The United Kingdom,EURO,18330,591299,77,42592
2020-10-10,GB,The United Kingdom,EURO,18248,609547,87,42679
2020-10-11,GB,The United Kingdom,EURO,15730,625277,81,42760
2020-10-12,GB,The United Kingdom,EURO,12516,637793,65,42825
2020-10-13,GB,The United Kingdom,EURO,12070,649863,50,42875
2020-10-14,GB,The United Kingdom,EURO,19446,669309,143,43018
2020-10-15,GB,The United Kingdom,EURO,18900,688209,137,43155
2020-10-16,GB,The United Kingdom,EURO,19699,707908,138,43293
2020-10-17,GB,The United Kingdom,EURO,18438,726346,136,43429
2020-10-18,GB,The United Kingdom,EURO,17720,744066,150,43579
2020-10-19,GB,The United Kingdom,EURO,14765,758831,67,43646
2020-10-20,GB,The United Kingdom,EURO,14191,773022,80,43726
2020-10-21,GB,The United Kingdom,EURO,25609,798631,241,43967
2020-10-22,GB,The United Kingdom,EURO,25325,823956,191,44158
2020-10-23,GB,The United Kingdom,EURO,25447,849403,189,44347
2020-10-24,GB,The United Kingdom,EURO,23251,872654,224,44571
2020-10-25,GB,The United Kingdom,EURO,21478,894132,174,44745
2020-10-26,GB,The United Kingdom,EURO,16237,910369,151,44896
2020-10-27,GB,The United Kingdom,EURO,15727,926096,102,44998
2020-10-28,GB,The United Kingdom,EURO,26553,952649,367,45365
2020-10-29,GB,The United Kingdom,EURO,24096,976745,310,45675
2020-10-30,GB,The United Kingdom,EURO,23618,1000363,280,45955
2020-10-31,GB,The United Kingdom,EURO,23350,1023713,274,46229
2020-11-01,GB,The United Kingdom,EURO,22683,1046396,326,46555
2020-11-02,GB,The United Kingdom,EURO,16490,1062886,162,46717
2020-11-03,GB,The United Kingdom,EURO,15757,1078643,136,46853
2020-11-04,GB,The United Kingdom,EURO,31510,1110153,397,47250
2020-11-05,GB,The United Kingdom,EURO,25586,1135739,492,47742
2020-11-06,GB,The United Kingdom,EURO,23683,1159422,378,48120
2020-11-07,GB,The United Kingdom,EURO,23748,1183170,355,48475
2020-11-08,GB,The United Kingdom,EURO,23330,1206500,413,48888
2020-11-09,GB,The United Kingdom,EURO,18525,1225025,156,49044
2020-11-10,GB,The United Kingdom,EURO,19959,1244984,194,49238
2020-11-11,GB,The United Kingdom,EURO,31051,1276035,532,49770
2020-11-12,GB,The United Kingdom,EURO,27427,1303462,595,50365
2020-11-13,GB,The United Kingdom,EURO,27363,1330825,563,50928
2020-11-14,GB,The United Kingdom,EURO,24470,1355295,376,51304
2020-11-15,GB,The United Kingdom,EURO,24044,1379339,462,51766
2020-11-16,GB,The United Kingdom,EURO,18002,1397341,168,51934
2020-11-17,GB,The United Kingdom,EURO,16029,1413370,213,52147
2020-11-18,GB,The United Kingdom,EURO,26581,1439951,598,52745
2020-11-19,GB,The United Kingdom,EURO,23167,1463118,529,53274
2020-11-20,GB,The United Kingdom,EURO,20760,1483878,501,53775
2020-11-21,GB,The United Kingdom,EURO,17760,1501638,511,54286
2020-11-22,GB,The United Kingdom,EURO,16851,1518489,340,54626
2020-11-23,GB,The United Kingdom,EURO,12354,1530843,125,54751
2020-11-24,GB,The United Kingdom,EURO,11738,1542581,479,55230
2020-11-25,GB,The United Kingdom,EURO,18777,1561358,608,55838
2020-11-26,GB,The United Kingdom,EURO,16453,1577811,695,56533
2020-11-27,GB,The United Kingdom,EURO,16620,1594431,498,57031
2020-11-28,GB,The United Kingdom,EURO,14582,1609013,520,57551
2020-11-29,GB,The United Kingdom,EURO,14367,1623380,479,58030
2020-11-30,GB,The United Kingdom,EURO,10968,1634348,215,58245
2020-12-01,GB,The United Kingdom,EURO,10679,1645027,203,58448
2020-12-02,GB,The United Kingdom,EURO,18018,1663045,603,59051
2020-12-03,GB,The United Kingdom,EURO,16458,1679503,648,59699
2020-12-04,GB,The United Kingdom,EURO,16468,1695971,414,60113
2020-12-05,GB,The United Kingdom,EURO,15635,1711606,504,60617
2020-12-06,GB,The United Kingdom,EURO,15664,1727270,397,61014
2020-12-07,GB,The United Kingdom,EURO,12738,1740008,231,61245
2020-12-08,GB,The United Kingdom,EURO,13582,1753590,189,61434
2020-12-09,GB,The United Kingdom,EURO,21330,1774920,599,62033
2020-12-10,GB,The United Kingdom,EURO,20785,1795705,533,62566
2020-12-11,GB,The United Kingdom,EURO,21608,1817313,516,63082
2020-12-12,GB,The United Kingdom,EURO,22606,1839919,424,63506
2020-12-13,GB,The United Kingdom,EURO,24073,1863992,520,64026
2020-12-14,GB,The United Kingdom,EURO,19357,1883349,144,64170
2020-12-15,GB,The United Kingdom,EURO,21985,1905334,232,64402
2020-12-16,GB,The United Kingdom,EURO,34724,1940058,506,64908
2020-12-17,GB,The United Kingdom,EURO,33854,1973912,612,65520
2020-12-18,GB,The United Kingdom,EURO,34933,2008845,532,66052
2020-12-19,GB,The United Kingdom,EURO,33886,2042731,489,66541
2020-12-20,GB,The United Kingdom,EURO,35827,2078558,534,67075
2020-12-21,GB,The United Kingdom,EURO,25145,2103703,326,67401
2020-12-22,GB,The United Kingdom,EURO,32466,2136169,215,67616
2020-12-23,GB,The United Kingdom,EURO,47377,2183546,691,68307
2020-12-24,GB,The United Kingdom,EURO,45662,2229208,744,69051
2020-12-25,GB,The United Kingdom,EURO,42185,2271393,574,69625
2020-12-26,GB,The United Kingdom,EURO,31812,2303205,570,70195
2020-12-27,GB,The United Kingdom,EURO,14181,2317386,210,70405
2020-12-28,GB,The United Kingdom,EURO,40367,2357753,347,70752
2020-12-29,GB,The United Kingdom,EURO,47725,2405478,357,71109
2020-12-30,GB,The United Kingdom,EURO,45604,2451082,458,71567
2020-12-31,GB,The United Kingdom,EURO,81519,2532601,981,72548
2021-01-01,GB,The United Kingdom,EURO,70797,2603398,964,73512
2021-01-02,GB,The United Kingdom,EURO,52783,2656181,613,74125
2021-01-03,GB,The United Kingdom,EURO,31840,2688021,445,74570
2021-01-04,GB,The United Kingdom,EURO,60392,2748413,454,75024
2021-01-05,GB,The United Kingdom,EURO,55175,2803588,407,75431
2021-01-06,GB,The United Kingdom,EURO,76158,2879746,874,76305
2021-01-07,GB,The United Kingdom,EURO,65092,2944838,1041,77346
2021-01-08,GB,The United Kingdom,EURO,57380,3002218,1162,78508
2021-01-09,GB,The United Kingdom,EURO,51927,3054145,1325,79833
2021-01-10,GB,The United Kingdom,EURO,46999,3101144,1035,80868
2021-01-11,GB,The United Kingdom,EURO,39080,3140224,563,81431
2021-01-12,GB,The United Kingdom,EURO,36340,3176564,529,81960
2021-01-13,GB,The United Kingdom,EURO,57100,3233664,1243,83203
2021-01-14,GB,The United Kingdom,EURO,49366,3283030,1564,84767
2021-01-15,GB,The United Kingdom,EURO,45375,3328405,1248,86015
2021-01-16,GB,The United Kingdom,EURO,42361,3370766,1280,87295
2021-01-17,GB,The United Kingdom,EURO,40395,3411161,1295,88590
2021-01-18,GB,The United Kingdom,EURO,30521,3441682,671,89261
2021-01-19,GB,The United Kingdom,EURO,28835,3470517,599,89860
2021-01-20,GB,The United Kingdom,EURO,44762,3515279,1610,91470
2021-01-21,GB,The United Kingdom,EURO,39463,3554742,1820,93290
2021-01-22,GB,The United Kingdom,EURO,35084,3589826,1290,94580
2021-01-23,GB,The United Kingdom,EURO,31656,3621482,1401,95981
2021-01-24,GB,The United Kingdom,EURO,29524,3651006,1348,97329
2021-01-25,GB,The United Kingdom,EURO,21826,3672832,610,97939
2021-01-26,GB,The United Kingdom,EURO,17167,3689999,592,98531
2021-01-27,GB,The United Kingdom,EURO,29892,3719891,1631,100162
2021-01-28,GB,The United Kingdom,EURO,26960,3746851,1725,101887
2021-01-29,GB,The United Kingdom,EURO,25669,3772520,1239,103126
2021-01-30,GB,The United Kingdom,EURO,24135,3796655,1223,104349
2021-01-31,GB,The United Kingdom,EURO,21768,3818423,1222,105571
2021-02-01,GB,The United Kingdom,EURO,16659,3835082,587,106158
2021-02-02,GB,The United Kingdom,EURO,15367,3850449,406,106564
2021-02-03,GB,The United Kingdom,EURO,22328,3872777,1449,108013
2021-02-04,GB,The United Kingdom,EURO,19757,3892534,1322,109335
2021-02-05,GB,The United Kingdom,EURO,19387,3911921,915,110250
2021-02-06,GB,The United Kingdom,EURO,17951,3929872,1014,111264
2021-02-07,GB,The United Kingdom,EURO,15838,3945710,828,112092
2021-02-08,GB,The United Kingdom,EURO,11946,3957656,373,112465
2021-02-09,GB,The United Kingdom,EURO,11355,3969011,333,112798
2021-02-10,GB,The United Kingdom,EURO,15682,3984693,1052,113850
2021-02-11,GB,The United Kingdom,EURO,13792,3998485,1001,114851
2021-02-12,GB,The United Kingdom,EURO,13476,4011961,678,115529
2021-02-13,GB,The United Kingdom,EURO,12732,4024693,758,116287
2021-02-14,GB,The United Kingdom,EURO,12145,4036838,621,116908
2021-02-15,GB,The United Kingdom,EURO,8751,4045589,258,117166
2021-02-16,GB,The United Kingdom,EURO,8752,4054341,230,117396
2021-02-17,GB,The United Kingdom,EURO,14241,4068582,799,118195
2021-02-18,GB,The United Kingdom,EURO,12467,4081049,738,118933
2021-02-19,GB,The United Kingdom,EURO,11555,4092604,454,119387
2021-02-20,GB,The United Kingdom,EURO,11391,4103995,533,119920
2021-02-21,GB,The United Kingdom,EURO,10376,4114371,445,120365
2021-02-22,GB,The United Kingdom,EURO,8050,4122421,215,120580
2021-02-23,GB,The United Kingdom,EURO,7866,4130287,177,120757
2021-02-24,GB,The United Kingdom,EURO,11230,4141517,548,121305
2021-02-25,GB,The United Kingdom,EURO,9376,4150893,442,121747
2021-02-26,GB,The United Kingdom,EURO,8526,4159419,323,122070
2021-02-27,GB,The United Kingdom,EURO,7705,4167124,345,122415
2021-02-28,GB,The United Kingdom,EURO,6567,4173691,290,122705
2021-03-01,GB,The United Kingdom,EURO,4814,4178505,144,122849
2021-03-02,GB,The United Kingdom,EURO,4710,4183215,104,122953
2021-03-03,GB,The United Kingdom,EURO,6866,4190081,343,123296
2021-03-04,GB,The United Kingdom,EURO,6648,4196729,487,123783
2021-03-05,GB,The United Kingdom,EURO,5963,4202692,242,124025
2021-03-06,GB,The United Kingdom,EURO,5719,4208411,236,124261
2021-03-07,GB,The United Kingdom,EURO,5294,4213705,158,124419
2021-03-08,GB,The United Kingdom,EURO,4485,4218190,82,124501
2021-03-09,GB,The United Kingdom,EURO,4267,4222457,65,124566
2021-03-10,GB,The United Kingdom,EURO,6626,4229083,231,124797
2021-03-11,GB,The United Kingdom,EURO,6213,4235296,190,124987
2021-03-12,GB,The United Kingdom,EURO,6013,4241309,181,125168
2021-03-13,GB,The United Kingdom,EURO,5759,4247068,175,125343
2021-03-14,GB,The United Kingdom,EURO,5582,4252650,121,125464
2021-03-15,GB,The United Kingdom,EURO,4243,4256893,52,125516
2021-03-16,GB,The United Kingdom,EURO,4284,4261177,64,125580
2021-03-17,GB,The United Kingdom,EURO,6483,4267660,110,125690
2021-03-18,GB,The United Kingdom,EURO,5662,4273322,141,125831
2021-03-19,GB,The United Kingdom,EURO,5767,4279089,95,125926
2021-03-20,GB,The United Kingdom,EURO,5458,4284547,100,126026
2021-03-21,GB,The United Kingdom,EURO,4980,4289527,96,126122
2021-03-22,GB,The United Kingdom,EURO,4086,4293613,33,126155
2021-03-23,GB,The United Kingdom,EURO,5219,4298832,17,126172
2021-03-24,GB,The United Kingdom,EURO,6171,4305003,112,126284
2021-03-25,GB,The United Kingdom,EURO,5244,4310247,98,126382
2021-03-26,GB,The United Kingdom,EURO,6004,4316251,63,126445
2021-03-27,GB,The United Kingdom,EURO,5386,4321637,70,126515
2021-03-28,GB,The United Kingdom,EURO,4399,4326036,58,126573
2021-03-29,GB,The United Kingdom,EURO,3559,4329595,19,126592
2021-03-30,GB,The United Kingdom,EURO,4795,4334390,23,126615
2021-03-31,GB,The United Kingdom,EURO,3995,4338385,55,126670
2021-04-01,GB,The United Kingdom,EURO,3583,4341968,43,126713
2021-04-02,GB,The United Kingdom,EURO,3743,4345711,51,126764
2021-04-03,GB,The United Kingdom,EURO,3460,4349171,52,126816
2021-04-04,GB,The United Kingdom,EURO,2588,4351759,10,126826
2021-04-05,GB,The United Kingdom,EURO,2338,4354097,10,126836
2021-04-06,GB,The United Kingdom,EURO,2237,4356334,26,126862
2021-04-07,GB,The United Kingdom,EURO,2548,4358882,20,126882
2021-04-08,GB,The United Kingdom,EURO,3011,4361893,45,126927
2021-04-09,GB,The United Kingdom,EURO,2855,4364748,53,126980
2021-04-10,GB,The United Kingdom,EURO,2456,4367204,60,127040
2021-04-11,GB,The United Kingdom,EURO,845,4368049,40,127080
2021-04-12,GB,The United Kingdom,EURO,1730,4369779,7,127087
2021-04-13,GB,The United Kingdom,EURO,3568,4373347,13,127100
2021-04-14,GB,The United Kingdom,EURO,2471,4375818,23,127123
2021-04-15,GB,The United Kingdom,EURO,2491,4378309,38,127161
2021-04-16,GB,The United Kingdom,EURO,2671,4380980,30,127191
2021-04-17,GB,The United Kingdom,EURO,2756,4383736,34,127225
2021-04-18,GB,The United Kingdom,EURO,2206,4385942,35,127260
2021-04-19,GB,The United Kingdom,EURO,1882,4387824,10,127270
2021-04-20,GB,The United Kingdom,EURO,2963,4390787,4,127274
2021-04-21,GB,The United Kingdom,EURO,2524,4393311,33,127307
2021-04-22,GB,The United Kingdom,EURO,2396,4395707,20,127327
2021-04-23,GB,The United Kingdom,EURO,2728,4398435,18,127345
2021-04-24,GB,The United Kingdom,EURO,2678,4401113,40,127385
2021-04-25,GB,The United Kingdom,EURO,2061,4403174,32,127417
2021-04-26,GB,The United Kingdom,EURO,1712,4404886,11,127428
2021-04-27,GB,The United Kingdom,EURO,2064,4406950,6,127434
2021-04-28,GB,The United Kingdom,EURO,2685,4409635,17,127451
2021-04-29,GB,The United Kingdom,EURO,2166,4411801,29,127480
2021-04-30,GB,The United Kingdom,EURO,2445,4414246,22,127502
2021-05-01,GB,The United Kingdom,EURO,2381,4416627,15,127517
2021-05-02,GB,The United Kingdom,EURO,1907,4418534,7,127524
2021-05-03,GB,The United Kingdom,EURO,1671,4420205,14,127538
2021-05-04,GB,The United Kingdom,EURO,1649,4421854,1,127539
2021-05-05,GB,The United Kingdom,EURO,1946,4423800,4,127543
2021-05-06,GB,The United Kingdom,EURO,2144,4425944,27,127570
2021-05-07,GB,The United Kingdom,EURO,2613,4428557,13,127583
2021-05-08,GB,The United Kingdom,EURO,2490,4431047,15,127598
2021-05-09,GB,The United Kingdom,EURO,2047,4433094,5,127603
2021-05-10,GB,The United Kingdom,EURO,1770,4434864,2,127605
2021-05-11,GB,The United Kingdom,EURO,2357,4437221,4,127609
2021-05-12,GB,The United Kingdom,EURO,2474,4439695,20,127629
2021-05-13,GB,The United Kingdom,EURO,2284,4441979,11,127640
2021-05-14,GB,The United Kingdom,EURO,2656,4444635,11,127651
2021-05-15,GB,The United Kingdom,EURO,2193,4446828,17,127668
2021-05-16,GB,The United Kingdom,EURO,1156,4447984,7,127675
2021-05-17,GB,The United Kingdom,EURO,0,4447984,4,127679
2021-05-18,GB,The United Kingdom,EURO,0,4447984,5,127684
2021-05-19,GB,The United Kingdom,EURO,2412,4450396,7,127691
2021-05-20,GB,The United Kingdom,EURO,2135,4452531,3,127694
2021-05-21,GB,The United Kingdom,EURO,2694,4455225,7,127701
2021-05-22,GB,The United Kingdom,EURO,2702,4457927,9,127710
2021-05-23,GB,The United Kingdom,EURO,2523,4460450,6,127716
2021-05-24,GB,The United Kingdom,EURO,2092,4462542,5,127721
2021-05-25,GB,The United Kingdom,EURO,2362,4464904,3,127724
2021-05-26,GB,The United Kingdom,EURO,2410,4467314,15,127739
2021-05-27,GB,The United Kingdom,EURO,2987,4470301,9,127748
2021-05-28,GB,The United Kingdom,EURO,3380,4473681,10,127758
2021-05-29,GB,The United Kingdom,EURO,4028,4477709,10,127768
2021-05-30,GB,The United Kingdom,EURO,3240,4480949,7,127775
2021-05-31,GB,The United Kingdom,EURO,3111,4484060,6,127781
2021-06-01,GB,The United Kingdom,EURO,3283,4487343,1,127782
2021-06-02,GB,The United Kingdom,EURO,3099,4490442,0,127782
2021-06-03,GB,The United Kingdom,EURO,4261,4494703,12,127794
2021-06-04,GB,The United Kingdom,EURO,5179,4499882,18,127812
2021-06-05,GB,The United Kingdom,EURO,6140,4506022,11,127823
2021-06-06,GB,The United Kingdom,EURO,5651,4511673,13,127836
2021-06-07,GB,The United Kingdom,EURO,5223,4516896,4,127840
2021-06-08,GB,The United Kingdom,EURO,5584,4522480,1,127841
2021-06-09,GB,The United Kingdom,EURO,5966,4528446,13,127854
2021-06-10,GB,The United Kingdom,EURO,7312,4535758,6,127860
2021-06-11,GB,The United Kingdom,EURO,7232,4542990,7,127867
2021-06-12,GB,The United Kingdom,EURO,7958,4550948,17,127884
2021-06-13,GB,The United Kingdom,EURO,7550,4558498,12,127896
2021-06-14,GB,The United Kingdom,EURO,7319,4565817,8,127904
2021-06-15,GB,The United Kingdom,EURO,7606,4573423,3,127907
2021-06-16,GB,The United Kingdom,EURO,7587,4581010,10,127917
2021-06-17,GB,The United Kingdom,EURO,8808,4589818,9,127926
2021-06-18,GB,The United Kingdom,EURO,10809,4600627,19,127945
2021-06-19,GB,The United Kingdom,EURO,10270,4610897,11,127956
2021-06-20,GB,The United Kingdom,EURO,10075,4620972,14,127970
2021-06-21,GB,The United Kingdom,EURO,9072,4630044,6,127976
2021-06-22,GB,The United Kingdom,EURO,10467,4640511,5,127981
2021-06-23,GB,The United Kingdom,EURO,11481,4651992,27,128008
2021-06-24,GB,The United Kingdom,EURO,15882,4667874,19,128027
2021-06-25,GB,The United Kingdom,EURO,16702,4684576,21,128048
2021-06-26,GB,The United Kingdom,EURO,15296,4699872,18,128066
2021-06-27,GB,The United Kingdom,EURO,17943,4717815,23,128089
2021-06-28,GB,The United Kingdom,EURO,14623,4732438,11,128100
2021-06-29,GB,The United Kingdom,EURO,22644,4755082,3,128103
2021-06-30,GB,The United Kingdom,EURO,20223,4775305,23,128126
2021-07-01,GB,The United Kingdom,EURO,25606,4800911,14,128140
2021-07-02,GB,The United Kingdom,EURO,27556,4828467,22,128162
2021-07-03,GB,The United Kingdom,EURO,26706,4855173,27,128189
2021-07-04,GB,The United Kingdom,EURO,24447,4879620,18,128207
2021-07-05,GB,The United Kingdom,EURO,23818,4903438,15,128222
2021-07-06,GB,The United Kingdom,EURO,27100,4930538,9,128231
2021-07-07,GB,The United Kingdom,EURO,28334,4958872,37,128268
2021-07-08,GB,The United Kingdom,EURO,32048,4990920,33,128301
2021-07-09,GB,The United Kingdom,EURO,31977,5022897,35,128336
2021-07-10,GB,The United Kingdom,EURO,35200,5058097,29,128365
2021-07-11,GB,The United Kingdom,EURO,31800,5089897,34,128399
2021-07-12,GB,The United Kingdom,EURO,31352,5121249,26,128425
2021-07-13,GB,The United Kingdom,EURO,33998,5155247,6,128431
2021-07-14,GB,The United Kingdom,EURO,36216,5191463,50,128481
2021-07-15,GB,The United Kingdom,EURO,41748,5233211,49,128530
2021-07-16,GB,The United Kingdom,EURO,47891,5281102,63,128593
2021-07-17,GB,The United Kingdom,EURO,51273,5332375,49,128642
2021-07-18,GB,The United Kingdom,EURO,53969,5386344,41,128683
2021-07-19,GB,The United Kingdom,EURO,47599,5433943,25,128708
2021-07-20,GB,The United Kingdom,EURO,39538,5473481,19,128727
2021-07-21,GB,The United Kingdom,EURO,46125,5519606,96,128823
2021-07-22,GB,The United Kingdom,EURO,43404,5563010,73,128896
2021-07-23,GB,The United Kingdom,EURO,39315,5602325,84,128980
2021-07-24,GB,The United Kingdom,EURO,35654,5637979,64,129044
2021-07-25,GB,The United Kingdom,EURO,31285,5669264,86,129130
2021-07-26,GB,The United Kingdom,EURO,28652,5697916,28,129158
2021-07-27,GB,The United Kingdom,EURO,24386,5722302,14,129172
2021-07-28,GB,The United Kingdom,EURO,23228,5745530,131,129303
2021-07-29,GB,The United Kingdom,EURO,25402,5770932,127,129430
2021-07-30,GB,The United Kingdom,EURO,30633,5801565,85,129515
2021-07-31,GB,The United Kingdom,EURO,29213,5830778,68,129583
2021-08-01,GB,The United Kingdom,EURO,25754,5856532,71,129654
2021-08-02,GB,The United Kingdom,EURO,24139,5880671,65,129719
2021-08-03,GB,The United Kingdom,EURO,21687,5902358,24,129743
2021-08-04,GB,The United Kingdom,EURO,21466,5923824,138,129881
2021-08-05,GB,The United Kingdom,EURO,28936,5952760,119,130000
2021-08-06,GB,The United Kingdom,EURO,29825,5982585,86,130086
2021-08-07,GB,The United Kingdom,EURO,31442,6014027,92,130178
2021-08-08,GB,The United Kingdom,EURO,28229,6042256,103,130281
2021-08-09,GB,The United Kingdom,EURO,27110,6069366,39,130320
2021-08-10,GB,The United Kingdom,EURO,24881,6094247,37,130357
2021-08-11,GB,The United Kingdom,EURO,23297,6117544,146,130503
2021-08-12,GB,The United Kingdom,EURO,29260,6146804,104,130607
2021-08-13,GB,The United Kingdom,EURO,32706,6179510,94,130701
2021-08-14,GB,The United Kingdom,EURO,32362,6211872,100,130801
2021-08-15,GB,The United Kingdom,EURO,29143,6241015,93,130894
2021-08-16,GB,The United Kingdom,EURO,26426,6267441,59,130953
2021-08-17,GB,The United Kingdom,EURO,28176,6295617,26,130979
2021-08-18,GB,The United Kingdom,EURO,26628,6322245,170,131149
2021-08-19,GB,The United Kingdom,EURO,33646,6355891,111,131260
2021-08-20,GB,The United Kingdom,EURO,36273,6392164,113,131373
2021-08-21,GB,The United Kingdom,EURO,36987,6429151,114,131487
2021-08-22,GB,The United Kingdom,EURO,31783,6460934,104,131591
2021-08-23,GB,The United Kingdom,EURO,31976,6492910,49,131640
2021-08-24,GB,The United Kingdom,EURO,31675,6524585,40,131680
2021-08-25,GB,The United Kingdom,EURO,30619,6555204,174,131854
2021-08-26,GB,The United Kingdom,EURO,35547,6590751,149,132003
2021-08-27,GB,The United Kingdom,EURO,37962,6628713,140,132143
2021-08-28,GB,The United Kingdom,EURO,37690,6666403,100,132243
2021-08-29,GB,The United Kingdom,EURO,32087,6698490,133,132376
2021-08-30,GB,The United Kingdom,EURO,32937,6731427,61,132437
2021-08-31,GB,The United Kingdom,EURO,26227,6757654,48,132485
2021-09-01,GB,The United Kingdom,EURO,31931,6789585,50,132535
2021-09-02,GB,The United Kingdom,EURO,35493,6825078,207,132742
2021-09-03,GB,The United Kingdom,EURO,37830,6862908,178,132920
2021-09-04,GB,The United Kingdom,EURO,42065,6904973,121,133041
2021-09-05,GB,The United Kingdom,EURO,36642,6941615,120,133161
2021-09-06,GB,The United Kingdom,EURO,36515,6978130,68,133229
2021-09-07,GB,The United Kingdom,EURO,40801,7018931,45,133274
2021-09-08,GB,The United Kingdom,EURO,37179,7056110,209,133483
2021-09-09,GB,The United Kingdom,EURO,38486,7094596,191,133674
2021-09-10,GB,The United Kingdom,EURO,37480,7132076,167,133841
2021-09-11,GB,The United Kingdom,EURO,36734,7168810,147,133988
2021-09-12,GB,The United Kingdom,EURO,28856,7197666,156,134144
2021-09-13,GB,The United Kingdom,EURO,28614,7226280,56,134200
2021-09-14,GB,The United Kingdom,EURO,30283,7256563,61,134261
2021-09-15,GB,The United Kingdom,EURO,26251,7282814,185,134446
2021-09-16,GB,The United Kingdom,EURO,29873,7312687,201,134647
2020-01-03,AE,United Arab Emirates,EMRO,0,0,0,0
2020-01-04,AE,United Arab Emirates,EMRO,0,0,0,0
2020-01-05,AE,United Arab Emirates,EMRO,0,0,0,0
2020-01-06,AE,United Arab Emirates,EMRO,0,0,0,0
2020-01-07,AE,United Arab Emirates,EMRO,0,0,0,0
2020-01-08,AE,United Arab Emirates,EMRO,0,0,0,0
2020-01-09,AE,United Arab Emirates,EMRO,0,0,0,0
2020-01-10,AE,United Arab Emirates,EMRO,0,0,0,0
2020-01-11,AE,United Arab Emirates,EMRO,0,0,0,0
2020-01-12,AE,United Arab Emirates,EMRO,0,0,0,0
2020-01-13,AE,United Arab Emirates,EMRO,0,0,0,0
2020-01-14,AE,United Arab Emirates,EMRO,0,0,0,0
2020-01-15,AE,United Arab Emirates,EMRO,0,0,0,0
2020-01-16,AE,United Arab Emirates,EMRO,0,0,0,0
2020-01-17,AE,United Arab Emirates,EMRO,0,0,0,0
2020-01-18,AE,United Arab Emirates,EMRO,0,0,0,0
2020-01-19,AE,United Arab Emirates,EMRO,0,0,0,0
2020-01-20,AE,United Arab Emirates,EMRO,0,0,0,0
2020-01-21,AE,United Arab Emirates,EMRO,0,0,0,0
2020-01-22,AE,United Arab Emirates,EMRO,0,0,0,0
2020-01-23,AE,United Arab Emirates,EMRO,0,0,0,0
2020-01-24,AE,United Arab Emirates,EMRO,0,0,0,0
2020-01-25,AE,United Arab Emirates,EMRO,0,0,0,0
2020-01-26,AE,United Arab Emirates,EMRO,0,0,0,0
2020-01-27,AE,United Arab Emirates,EMRO,0,0,0,0
2020-01-28,AE,United Arab Emirates,EMRO,0,0,0,0
2020-01-29,AE,United Arab Emirates,EMRO,8,8,0,0
2020-01-30,AE,United Arab Emirates,EMRO,0,8,0,0
2020-01-31,AE,United Arab Emirates,EMRO,0,8,0,0
2020-02-01,AE,United Arab Emirates,EMRO,1,9,0,0
2020-02-02,AE,United Arab Emirates,EMRO,0,9,0,0
2020-02-03,AE,United Arab Emirates,EMRO,0,9,0,0
2020-02-04,AE,United Arab Emirates,EMRO,0,9,0,0
2020-02-05,AE,United Arab Emirates,EMRO,0,9,0,0
2020-02-06,AE,United Arab Emirates,EMRO,0,9,0,0
2020-02-07,AE,United Arab Emirates,EMRO,0,9,0,0
2020-02-08,AE,United Arab Emirates,EMRO,2,11,0,0
2020-02-09,AE,United Arab Emirates,EMRO,0,11,0,0
2020-02-10,AE,United Arab Emirates,EMRO,1,12,0,0
2020-02-11,AE,United Arab Emirates,EMRO,0,12,0,0
2020-02-12,AE,United Arab Emirates,EMRO,0,12,0,0
2020-02-13,AE,United Arab Emirates,EMRO,0,12,0,0
2020-02-14,AE,United Arab Emirates,EMRO,0,12,0,0
2020-02-15,AE,United Arab Emirates,EMRO,0,12,0,0
2020-02-16,AE,United Arab Emirates,EMRO,1,13,0,0
2020-02-17,AE,United Arab Emirates,EMRO,0,13,0,0
2020-02-18,AE,United Arab Emirates,EMRO,0,13,0,0
2020-02-19,AE,United Arab Emirates,EMRO,0,13,0,0
2020-02-20,AE,United Arab Emirates,EMRO,0,13,0,0
2020-02-21,AE,United Arab Emirates,EMRO,2,15,0,0
2020-02-22,AE,United Arab Emirates,EMRO,2,17,0,0
2020-02-23,AE,United Arab Emirates,EMRO,0,17,0,0
2020-02-24,AE,United Arab Emirates,EMRO,0,17,0,0
2020-02-25,AE,United Arab Emirates,EMRO,0,17,0,0
2020-02-26,AE,United Arab Emirates,EMRO,0,17,0,0
2020-02-27,AE,United Arab Emirates,EMRO,6,23,0,0
2020-02-28,AE,United Arab Emirates,EMRO,0,23,0,0
2020-02-29,AE,United Arab Emirates,EMRO,0,23,0,0
2020-03-01,AE,United Arab Emirates,EMRO,2,25,0,0
2020-03-02,AE,United Arab Emirates,EMRO,0,25,0,0
2020-03-03,AE,United Arab Emirates,EMRO,6,31,0,0
2020-03-04,AE,United Arab Emirates,EMRO,0,31,0,0
2020-03-05,AE,United Arab Emirates,EMRO,0,31,0,0
2020-03-06,AE,United Arab Emirates,EMRO,18,49,0,0
2020-03-07,AE,United Arab Emirates,EMRO,0,49,0,0
2020-03-08,AE,United Arab Emirates,EMRO,0,49,0,0
2020-03-09,AE,United Arab Emirates,EMRO,14,63,0,0
2020-03-10,AE,United Arab Emirates,EMRO,15,78,0,0
2020-03-11,AE,United Arab Emirates,EMRO,0,78,0,0
2020-03-12,AE,United Arab Emirates,EMRO,11,89,0,0
2020-03-13,AE,United Arab Emirates,EMRO,0,89,0,0
2020-03-14,AE,United Arab Emirates,EMRO,0,89,0,0
2020-03-15,AE,United Arab Emirates,EMRO,13,102,0,0
2020-03-16,AE,United Arab Emirates,EMRO,0,102,0,0
2020-03-17,AE,United Arab Emirates,EMRO,0,102,0,0
2020-03-18,AE,United Arab Emirates,EMRO,15,117,0,0
2020-03-19,AE,United Arab Emirates,EMRO,23,140,0,0
2020-03-20,AE,United Arab Emirates,EMRO,0,140,0,0
2020-03-21,AE,United Arab Emirates,EMRO,0,140,2,2
2020-03-22,AE,United Arab Emirates,EMRO,13,153,0,2
2020-03-23,AE,United Arab Emirates,EMRO,45,198,0,2
2020-03-24,AE,United Arab Emirates,EMRO,50,248,0,2
2020-03-25,AE,United Arab Emirates,EMRO,85,333,0,2
2020-03-26,AE,United Arab Emirates,EMRO,0,333,0,2
2020-03-27,AE,United Arab Emirates,EMRO,0,333,0,2
2020-03-28,AE,United Arab Emirates,EMRO,72,405,0,2
2020-03-29,AE,United Arab Emirates,EMRO,63,468,0,2
2020-03-30,AE,United Arab Emirates,EMRO,102,570,1,3
2020-03-31,AE,United Arab Emirates,EMRO,94,664,3,6
2020-04-01,AE,United Arab Emirates,EMRO,0,664,0,6
2020-04-02,AE,United Arab Emirates,EMRO,150,814,2,8
2020-04-03,AE,United Arab Emirates,EMRO,210,1024,0,8
2020-04-04,AE,United Arab Emirates,EMRO,240,1264,1,9
2020-04-05,AE,United Arab Emirates,EMRO,241,1505,1,10
2020-04-06,AE,United Arab Emirates,EMRO,294,1799,0,10
2020-04-07,AE,United Arab Emirates,EMRO,277,2076,1,11
2020-04-08,AE,United Arab Emirates,EMRO,283,2359,1,12
2020-04-09,AE,United Arab Emirates,EMRO,300,2659,0,12
2020-04-10,AE,United Arab Emirates,EMRO,331,2990,2,14
2020-04-11,AE,United Arab Emirates,EMRO,370,3360,2,16
2020-04-12,AE,United Arab Emirates,EMRO,376,3736,4,20
2020-04-13,AE,United Arab Emirates,EMRO,387,4123,2,22
2020-04-14,AE,United Arab Emirates,EMRO,398,4521,3,25
2020-04-15,AE,United Arab Emirates,EMRO,412,4933,3,28
2020-04-16,AE,United Arab Emirates,EMRO,432,5365,5,33
2020-04-17,AE,United Arab Emirates,EMRO,460,5825,2,35
2020-04-18,AE,United Arab Emirates,EMRO,477,6302,2,37
2020-04-19,AE,United Arab Emirates,EMRO,0,6302,0,37
2020-04-20,AE,United Arab Emirates,EMRO,479,6781,4,41
2020-04-21,AE,United Arab Emirates,EMRO,484,7265,2,43
2020-04-22,AE,United Arab Emirates,EMRO,490,7755,3,46
2020-04-23,AE,United Arab Emirates,EMRO,483,8238,6,52
2020-04-24,AE,United Arab Emirates,EMRO,518,8756,4,56
2020-04-25,AE,United Arab Emirates,EMRO,525,9281,8,64
2020-04-26,AE,United Arab Emirates,EMRO,532,9813,7,71
2020-04-27,AE,United Arab Emirates,EMRO,536,10349,5,76
2020-04-28,AE,United Arab Emirates,EMRO,490,10839,6,82
2020-04-29,AE,United Arab Emirates,EMRO,541,11380,7,89
2020-04-30,AE,United Arab Emirates,EMRO,549,11929,9,98
2020-05-01,AE,United Arab Emirates,EMRO,552,12481,7,105
2020-05-02,AE,United Arab Emirates,EMRO,557,13038,6,111
2020-05-03,AE,United Arab Emirates,EMRO,561,13599,8,119
2020-05-04,AE,United Arab Emirates,EMRO,564,14163,7,126
2020-05-05,AE,United Arab Emirates,EMRO,567,14730,11,137
2020-05-06,AE,United Arab Emirates,EMRO,462,15192,9,146
2020-05-07,AE,United Arab Emirates,EMRO,546,15738,11,157
2020-05-08,AE,United Arab Emirates,EMRO,502,16240,8,165
2020-05-09,AE,United Arab Emirates,EMRO,553,16793,9,174
2020-05-10,AE,United Arab Emirates,EMRO,624,17417,11,185
2020-05-11,AE,United Arab Emirates,EMRO,781,18198,13,198
2020-05-12,AE,United Arab Emirates,EMRO,680,18878,3,201
2020-05-13,AE,United Arab Emirates,EMRO,783,19661,2,203
2020-05-14,AE,United Arab Emirates,EMRO,725,20386,3,206
2020-05-15,AE,United Arab Emirates,EMRO,698,21084,2,208
2020-05-16,AE,United Arab Emirates,EMRO,747,21831,2,210
2020-05-17,AE,United Arab Emirates,EMRO,796,22627,4,214
2020-05-18,AE,United Arab Emirates,EMRO,731,23358,6,220
2020-05-19,AE,United Arab Emirates,EMRO,813,24171,7,227
2020-05-20,AE,United Arab Emirates,EMRO,892,25063,0,227
2020-05-21,AE,United Arab Emirates,EMRO,941,26004,6,233
2020-05-22,AE,United Arab Emirates,EMRO,894,26898,4,237
2020-05-23,AE,United Arab Emirates,EMRO,994,27892,4,241
2020-05-24,AE,United Arab Emirates,EMRO,812,28704,3,244
2020-05-25,AE,United Arab Emirates,EMRO,781,29485,1,245
2020-05-26,AE,United Arab Emirates,EMRO,822,30307,3,248
2020-05-27,AE,United Arab Emirates,EMRO,779,31086,5,253
2020-05-28,AE,United Arab Emirates,EMRO,883,31969,2,255
2020-05-29,AE,United Arab Emirates,EMRO,563,32532,3,258
2020-05-30,AE,United Arab Emirates,EMRO,638,33170,2,260
2020-05-31,AE,United Arab Emirates,EMRO,726,33896,2,262
2020-06-01,AE,United Arab Emirates,EMRO,661,34557,2,264
2020-06-02,AE,United Arab Emirates,EMRO,635,35192,2,266
2020-06-03,AE,United Arab Emirates,EMRO,596,35788,3,269
2020-06-04,AE,United Arab Emirates,EMRO,571,36359,1,270
2020-06-05,AE,United Arab Emirates,EMRO,659,37018,3,273
2020-06-06,AE,United Arab Emirates,EMRO,624,37642,1,274
2020-06-07,AE,United Arab Emirates,EMRO,626,38268,1,275
2020-06-08,AE,United Arab Emirates,EMRO,540,38808,1,276
2020-06-09,AE,United Arab Emirates,EMRO,568,39376,5,281
2020-06-10,AE,United Arab Emirates,EMRO,528,39904,2,283
2020-06-11,AE,United Arab Emirates,EMRO,603,40507,1,284
2020-06-12,AE,United Arab Emirates,EMRO,479,40986,2,286
2020-06-13,AE,United Arab Emirates,EMRO,513,41499,1,287
2020-06-14,AE,United Arab Emirates,EMRO,491,41990,1,288
2020-06-15,AE,United Arab Emirates,EMRO,304,42294,1,289
2020-06-16,AE,United Arab Emirates,EMRO,342,42636,2,291
2020-06-17,AE,United Arab Emirates,EMRO,346,42982,2,293
2020-06-18,AE,United Arab Emirates,EMRO,382,43364,2,295
2020-06-19,AE,United Arab Emirates,EMRO,388,43752,3,298
2020-06-20,AE,United Arab Emirates,EMRO,393,44145,2,300
2020-06-21,AE,United Arab Emirates,EMRO,388,44533,1,301
2020-06-22,AE,United Arab Emirates,EMRO,392,44925,1,302
2020-06-23,AE,United Arab Emirates,EMRO,378,45303,1,303
2020-06-24,AE,United Arab Emirates,EMRO,380,45683,2,305
2020-06-25,AE,United Arab Emirates,EMRO,450,46133,2,307
2020-06-26,AE,United Arab Emirates,EMRO,430,46563,1,308
2020-06-27,AE,United Arab Emirates,EMRO,410,46973,2,310
2020-06-28,AE,United Arab Emirates,EMRO,387,47360,1,311
2020-06-29,AE,United Arab Emirates,EMRO,437,47797,2,313
2020-06-30,AE,United Arab Emirates,EMRO,449,48246,1,314
2020-07-01,AE,United Arab Emirates,EMRO,421,48667,1,315
2020-07-02,AE,United Arab Emirates,EMRO,402,49069,1,316
2020-07-03,AE,United Arab Emirates,EMRO,400,49469,1,317
2020-07-04,AE,United Arab Emirates,EMRO,672,50141,1,318
2020-07-05,AE,United Arab Emirates,EMRO,716,50857,3,321
2020-07-06,AE,United Arab Emirates,EMRO,683,51540,2,323
2020-07-07,AE,United Arab Emirates,EMRO,528,52068,1,324
2020-07-08,AE,United Arab Emirates,EMRO,532,52600,2,326
2020-07-09,AE,United Arab Emirates,EMRO,445,53045,1,327
2020-07-10,AE,United Arab Emirates,EMRO,532,53577,1,328
2020-07-11,AE,United Arab Emirates,EMRO,473,54050,2,330
2020-07-12,AE,United Arab Emirates,EMRO,403,54453,1,331
2020-07-13,AE,United Arab Emirates,EMRO,401,54854,2,333
2020-07-14,AE,United Arab Emirates,EMRO,344,55198,1,334
2020-07-15,AE,United Arab Emirates,EMRO,375,55573,1,335
2020-07-16,AE,United Arab Emirates,EMRO,275,55848,0,335
2020-07-17,AE,United Arab Emirates,EMRO,281,56129,0,335
2020-07-18,AE,United Arab Emirates,EMRO,293,56422,2,337
2020-07-19,AE,United Arab Emirates,EMRO,289,56711,1,338
2020-07-20,AE,United Arab Emirates,EMRO,211,56922,1,339
2020-07-21,AE,United Arab Emirates,EMRO,271,57193,1,340
2020-07-22,AE,United Arab Emirates,EMRO,305,57498,1,341
2020-07-23,AE,United Arab Emirates,EMRO,236,57734,1,342
2020-07-24,AE,United Arab Emirates,EMRO,254,57988,0,342
2020-07-25,AE,United Arab Emirates,EMRO,261,58249,1,343
2020-07-26,AE,United Arab Emirates,EMRO,313,58562,0,343
2020-07-27,AE,United Arab Emirates,EMRO,351,58913,1,344
2020-07-28,AE,United Arab Emirates,EMRO,264,59177,1,345
2020-07-29,AE,United Arab Emirates,EMRO,369,59546,2,347
2020-07-30,AE,United Arab Emirates,EMRO,375,59921,0,347
2020-07-31,AE,United Arab Emirates,EMRO,302,60223,2,349
2020-08-01,AE,United Arab Emirates,EMRO,283,60506,2,351
2020-08-02,AE,United Arab Emirates,EMRO,254,60760,0,351
2020-08-03,AE,United Arab Emirates,EMRO,239,60999,0,351
2020-08-04,AE,United Arab Emirates,EMRO,164,61163,0,351
2020-08-05,AE,United Arab Emirates,EMRO,189,61352,0,351
2020-08-06,AE,United Arab Emirates,EMRO,254,61606,2,353
2020-08-07,AE,United Arab Emirates,EMRO,239,61845,1,354
2020-08-08,AE,United Arab Emirates,EMRO,216,62061,2,356
2020-08-09,AE,United Arab Emirates,EMRO,239,62300,0,356
2020-08-10,AE,United Arab Emirates,EMRO,225,62525,1,357
2020-08-11,AE,United Arab Emirates,EMRO,179,62704,0,357
2020-08-12,AE,United Arab Emirates,EMRO,262,62966,1,358
2020-08-13,AE,United Arab Emirates,EMRO,246,63212,0,358
2020-08-14,AE,United Arab Emirates,EMRO,277,63489,0,358
2020-08-15,AE,United Arab Emirates,EMRO,330,63819,1,359
2020-08-16,AE,United Arab Emirates,EMRO,283,64102,2,361
2020-08-17,AE,United Arab Emirates,EMRO,210,64312,3,364
2020-08-18,AE,United Arab Emirates,EMRO,229,64541,0,364
2020-08-19,AE,United Arab Emirates,EMRO,365,64906,2,366
2020-08-20,AE,United Arab Emirates,EMRO,435,65341,1,367
2020-08-21,AE,United Arab Emirates,EMRO,461,65802,2,369
2020-08-22,AE,United Arab Emirates,EMRO,391,66193,1,370
2020-08-23,AE,United Arab Emirates,EMRO,424,66617,2,372
2020-08-24,AE,United Arab Emirates,EMRO,390,67007,3,375
2020-08-25,AE,United Arab Emirates,EMRO,275,67282,1,376
2020-08-26,AE,United Arab Emirates,EMRO,339,67621,1,377
2020-08-27,AE,United Arab Emirates,EMRO,399,68020,1,378
2020-08-28,AE,United Arab Emirates,EMRO,491,68511,0,378
2020-08-29,AE,United Arab Emirates,EMRO,390,68901,1,379
2020-08-30,AE,United Arab Emirates,EMRO,427,69328,0,379
2020-08-31,AE,United Arab Emirates,EMRO,362,69690,3,382
2020-09-01,AE,United Arab Emirates,EMRO,541,70231,2,384
2020-09-02,AE,United Arab Emirates,EMRO,574,70805,0,384
2020-09-03,AE,United Arab Emirates,EMRO,735,71540,3,387
2020-09-04,AE,United Arab Emirates,EMRO,614,72154,0,387
2020-09-05,AE,United Arab Emirates,EMRO,612,72766,0,387
2020-09-06,AE,United Arab Emirates,EMRO,705,73471,1,388
2020-09-07,AE,United Arab Emirates,EMRO,513,73984,0,388
2020-09-08,AE,United Arab Emirates,EMRO,470,74454,2,390
2020-09-09,AE,United Arab Emirates,EMRO,644,75098,1,391
2020-09-10,AE,United Arab Emirates,EMRO,883,75981,2,393
2020-09-11,AE,United Arab Emirates,EMRO,930,76911,5,398
2020-09-12,AE,United Arab Emirates,EMRO,931,77842,0,398
2020-09-13,AE,United Arab Emirates,EMRO,1007,78849,1,399
2020-09-14,AE,United Arab Emirates,EMRO,640,79489,0,399
2020-09-15,AE,United Arab Emirates,EMRO,777,80266,0,399
2020-09-16,AE,United Arab Emirates,EMRO,674,80940,2,401
2020-09-17,AE,United Arab Emirates,EMRO,842,81782,1,402
2020-09-18,AE,United Arab Emirates,EMRO,786,82568,0,402
2020-09-19,AE,United Arab Emirates,EMRO,865,83433,1,403
2020-09-20,AE,United Arab Emirates,EMRO,809,84242,1,404
2020-09-21,AE,United Arab Emirates,EMRO,674,84916,0,404
2020-09-22,AE,United Arab Emirates,EMRO,679,85595,1,405
2020-09-23,AE,United Arab Emirates,EMRO,852,86447,0,405
2020-09-24,AE,United Arab Emirates,EMRO,1083,87530,1,406
2020-09-25,AE,United Arab Emirates,EMRO,1002,88532,1,407
2020-09-26,AE,United Arab Emirates,EMRO,1008,89540,2,409
2020-09-27,AE,United Arab Emirates,EMRO,1078,90618,2,411
2020-09-28,AE,United Arab Emirates,EMRO,851,91469,1,412
2020-09-29,AE,United Arab Emirates,EMRO,626,92095,1,413
2020-09-30,AE,United Arab Emirates,EMRO,995,93090,3,416
2020-10-01,AE,United Arab Emirates,EMRO,1100,94190,3,419
2020-10-02,AE,United Arab Emirates,EMRO,1158,95348,2,421
2020-10-03,AE,United Arab Emirates,EMRO,1181,96529,3,424
2020-10-04,AE,United Arab Emirates,EMRO,1231,97760,2,426
2020-10-05,AE,United Arab Emirates,EMRO,1041,98801,0,426
2020-10-06,AE,United Arab Emirates,EMRO,932,99733,3,429
2020-10-07,AE,United Arab Emirates,EMRO,1061,100794,6,435
2020-10-08,AE,United Arab Emirates,EMRO,1046,101840,1,436
2020-10-09,AE,United Arab Emirates,EMRO,1089,102929,2,438
2020-10-10,AE,United Arab Emirates,EMRO,1075,104004,4,442
2020-10-11,AE,United Arab Emirates,EMRO,1129,105133,1,443
2020-10-12,AE,United Arab Emirates,EMRO,1096,106229,2,445
2020-10-13,AE,United Arab Emirates,EMRO,1064,107293,1,446
2020-10-14,AE,United Arab Emirates,EMRO,1315,108608,2,448
2020-10-15,AE,United Arab Emirates,EMRO,1431,110039,2,450
2020-10-16,AE,United Arab Emirates,EMRO,1398,111437,2,452
2020-10-17,AE,United Arab Emirates,EMRO,1412,112849,3,455
2020-10-18,AE,United Arab Emirates,EMRO,1538,114387,4,459
2020-10-19,AE,United Arab Emirates,EMRO,1215,115602,4,463
2020-10-20,AE,United Arab Emirates,EMRO,915,116517,3,466
2020-10-21,AE,United Arab Emirates,EMRO,1077,117594,4,470
2020-10-22,AE,United Arab Emirates,EMRO,1538,119132,2,472
2020-10-23,AE,United Arab Emirates,EMRO,1578,120710,2,474
2020-10-24,AE,United Arab Emirates,EMRO,1563,122273,1,475
2020-10-25,AE,United Arab Emirates,EMRO,1491,123764,0,475
2020-10-26,AE,United Arab Emirates,EMRO,1359,125123,2,477
2020-10-27,AE,United Arab Emirates,EMRO,1111,126234,3,480
2020-10-28,AE,United Arab Emirates,EMRO,1390,127624,2,482
2020-10-29,AE,United Arab Emirates,EMRO,1400,129024,3,485
2020-10-30,AE,United Arab Emirates,EMRO,1312,130336,3,488
2020-10-31,AE,United Arab Emirates,EMRO,1172,131508,2,490
2020-11-01,AE,United Arab Emirates,EMRO,1121,132629,5,495
2020-11-02,AE,United Arab Emirates,EMRO,1278,133907,1,496
2020-11-03,AE,United Arab Emirates,EMRO,1234,135141,1,497
2020-11-04,AE,United Arab Emirates,EMRO,1008,136149,6,503
2020-11-05,AE,United Arab Emirates,EMRO,1161,137310,2,505
2020-11-06,AE,United Arab Emirates,EMRO,1289,138599,3,508
2020-11-07,AE,United Arab Emirates,EMRO,1292,139891,2,510
2020-11-08,AE,United Arab Emirates,EMRO,1141,141032,4,514
2020-11-09,AE,United Arab Emirates,EMRO,1111,142143,0,514
2020-11-10,AE,United Arab Emirates,EMRO,1146,143289,1,515
2020-11-11,AE,United Arab Emirates,EMRO,1096,144385,3,518
2020-11-12,AE,United Arab Emirates,EMRO,1214,145599,2,520
2020-11-13,AE,United Arab Emirates,EMRO,1136,146735,3,523
2020-11-14,AE,United Arab Emirates,EMRO,1226,147961,5,528
2020-11-15,AE,United Arab Emirates,EMRO,1174,149135,0,528
2020-11-16,AE,United Arab Emirates,EMRO,1210,150345,2,530
2020-11-17,AE,United Arab Emirates,EMRO,1209,151554,4,534
2020-11-18,AE,United Arab Emirates,EMRO,1255,152809,4,538
2020-11-19,AE,United Arab Emirates,EMRO,1292,154101,4,542
2020-11-20,AE,United Arab Emirates,EMRO,1153,155254,2,544
2020-11-21,AE,United Arab Emirates,EMRO,1269,156523,3,547
2020-11-22,AE,United Arab Emirates,EMRO,1262,157785,1,548
2020-11-23,AE,United Arab Emirates,EMRO,1205,158990,4,552
2020-11-24,AE,United Arab Emirates,EMRO,1065,160055,2,554
2020-11-25,AE,United Arab Emirates,EMRO,1310,161365,5,559
2020-11-26,AE,United Arab Emirates,EMRO,1297,162662,4,563
2020-11-27,AE,United Arab Emirates,EMRO,1305,163967,1,564
2020-11-28,AE,United Arab Emirates,EMRO,1283,165250,3,567
2020-11-29,AE,United Arab Emirates,EMRO,1252,166502,2,569
2020-11-30,AE,United Arab Emirates,EMRO,1251,167753,1,570
2020-12-01,AE,United Arab Emirates,EMRO,1107,168860,2,572
2020-12-02,AE,United Arab Emirates,EMRO,1289,170149,4,576
2020-12-03,AE,United Arab Emirates,EMRO,1285,171434,4,580
2020-12-04,AE,United Arab Emirates,EMRO,1317,172751,5,585
2020-12-05,AE,United Arab Emirates,EMRO,1311,174062,1,586
2020-12-06,AE,United Arab Emirates,EMRO,1214,175276,3,589
2020-12-07,AE,United Arab Emirates,EMRO,1153,176429,3,592
2020-12-08,AE,United Arab Emirates,EMRO,1148,177577,2,594
2020-12-09,AE,United Arab Emirates,EMRO,1260,178837,2,596
2020-12-10,AE,United Arab Emirates,EMRO,1313,180150,2,598
2020-12-11,AE,United Arab Emirates,EMRO,1255,181405,4,602
2020-12-12,AE,United Arab Emirates,EMRO,1196,182601,5,607
2020-12-13,AE,United Arab Emirates,EMRO,1154,183755,2,609
2020-12-14,AE,United Arab Emirates,EMRO,1194,184949,8,617
2020-12-15,AE,United Arab Emirates,EMRO,1092,186041,1,618
2020-12-16,AE,United Arab Emirates,EMRO,1226,187267,4,622
2020-12-17,AE,United Arab Emirates,EMRO,1278,188545,4,626
2020-12-18,AE,United Arab Emirates,EMRO,1321,189866,3,629
2020-12-19,AE,United Arab Emirates,EMRO,1284,191150,1,630
2020-12-20,AE,United Arab Emirates,EMRO,1254,192404,4,634
2020-12-21,AE,United Arab Emirates,EMRO,1171,193575,3,637
2020-12-22,AE,United Arab Emirates,EMRO,1077,194652,2,639
2020-12-23,AE,United Arab Emirates,EMRO,1226,195878,3,642
2020-12-24,AE,United Arab Emirates,EMRO,1246,197124,3,645
2020-12-25,AE,United Arab Emirates,EMRO,1311,198435,2,647
2020-12-26,AE,United Arab Emirates,EMRO,1230,199665,6,653
2020-12-27,AE,United Arab Emirates,EMRO,1227,200892,2,655
2020-12-28,AE,United Arab Emirates,EMRO,944,201836,2,657
2020-12-29,AE,United Arab Emirates,EMRO,1027,202863,3,660
2020-12-30,AE,United Arab Emirates,EMRO,1506,204369,2,662
2020-12-31,AE,United Arab Emirates,EMRO,1723,206092,3,665
2021-01-01,AE,United Arab Emirates,EMRO,1730,207822,4,669
2021-01-02,AE,United Arab Emirates,EMRO,1856,209678,2,671
2021-01-03,AE,United Arab Emirates,EMRO,1963,211641,3,674
2021-01-04,AE,United Arab Emirates,EMRO,1590,213231,5,679
2021-01-05,AE,United Arab Emirates,EMRO,1501,214732,3,682
2021-01-06,AE,United Arab Emirates,EMRO,1967,216699,3,685
2021-01-07,AE,United Arab Emirates,EMRO,2067,218766,4,689
2021-01-08,AE,United Arab Emirates,EMRO,2988,221754,5,694
2021-01-09,AE,United Arab Emirates,EMRO,2950,224704,3,697
2021-01-10,AE,United Arab Emirates,EMRO,2998,227702,5,702
2021-01-11,AE,United Arab Emirates,EMRO,2876,230578,6,708
2021-01-12,AE,United Arab Emirates,EMRO,2404,232982,3,711
2021-01-13,AE,United Arab Emirates,EMRO,3243,236225,6,717
2021-01-14,AE,United Arab Emirates,EMRO,3362,239587,6,723
2021-01-15,AE,United Arab Emirates,EMRO,3382,242969,3,726
2021-01-16,AE,United Arab Emirates,EMRO,3407,246376,7,733
2021-01-17,AE,United Arab Emirates,EMRO,3432,249808,7,740
2021-01-18,AE,United Arab Emirates,EMRO,3453,253261,5,745
2021-01-19,AE,United Arab Emirates,EMRO,3471,256732,6,751
2021-01-20,AE,United Arab Emirates,EMRO,3491,260223,5,756
2021-01-21,AE,United Arab Emirates,EMRO,3506,263729,6,762
2021-01-22,AE,United Arab Emirates,EMRO,3529,267258,4,766
2021-01-23,AE,United Arab Emirates,EMRO,3552,270810,10,776
2021-01-24,AE,United Arab Emirates,EMRO,3566,274376,7,783
2021-01-25,AE,United Arab Emirates,EMRO,3579,277955,9,792
2021-01-26,AE,United Arab Emirates,EMRO,3591,281546,6,798
2021-01-27,AE,United Arab Emirates,EMRO,3601,285147,7,805
2021-01-28,AE,United Arab Emirates,EMRO,3939,289086,6,811
2021-01-29,AE,United Arab Emirates,EMRO,3966,293052,8,819
2021-01-30,AE,United Arab Emirates,EMRO,3962,297014,7,826
2021-01-31,AE,United Arab Emirates,EMRO,3647,300661,12,838
2021-02-01,AE,United Arab Emirates,EMRO,2948,303609,12,850
2021-02-02,AE,United Arab Emirates,EMRO,2730,306339,9,859
2021-02-03,AE,United Arab Emirates,EMRO,3310,309649,7,866
2021-02-04,AE,United Arab Emirates,EMRO,3977,313626,12,878
2021-02-05,AE,United Arab Emirates,EMRO,3249,316875,10,888
2021-02-06,AE,United Arab Emirates,EMRO,3251,320126,14,902
2021-02-07,AE,United Arab Emirates,EMRO,3276,323402,12,914
2021-02-08,AE,United Arab Emirates,EMRO,3093,326495,7,921
2021-02-09,AE,United Arab Emirates,EMRO,2798,329293,9,930
2021-02-10,AE,United Arab Emirates,EMRO,3310,332603,17,947
2021-02-11,AE,United Arab Emirates,EMRO,3539,336142,9,956
2021-02-12,AE,United Arab Emirates,EMRO,3525,339667,18,974
2021-02-13,AE,United Arab Emirates,EMRO,3307,342974,12,986
2021-02-14,AE,United Arab Emirates,EMRO,2631,345605,15,1001
2021-02-15,AE,United Arab Emirates,EMRO,3167,348772,13,1014
2021-02-16,AE,United Arab Emirates,EMRO,3123,351895,13,1027
2021-02-17,AE,United Arab Emirates,EMRO,3236,355131,14,1041
2021-02-18,AE,United Arab Emirates,EMRO,3452,358583,14,1055
2021-02-19,AE,United Arab Emirates,EMRO,3294,361877,18,1073
2021-02-20,AE,United Arab Emirates,EMRO,3140,365017,20,1093
2021-02-21,AE,United Arab Emirates,EMRO,3158,368175,15,1108
2021-02-22,AE,United Arab Emirates,EMRO,2250,370425,17,1125
2021-02-23,AE,United Arab Emirates,EMRO,2105,372530,15,1140
2021-02-24,AE,United Arab Emirates,EMRO,3005,375535,5,1145
2021-02-25,AE,United Arab Emirates,EMRO,3102,378637,19,1164
2021-02-26,AE,United Arab Emirates,EMRO,3025,381662,18,1182
2021-02-27,AE,United Arab Emirates,EMRO,3498,385160,16,1198
2021-02-28,AE,United Arab Emirates,EMRO,3434,388594,15,1213
2021-03-01,AE,United Arab Emirates,EMRO,2930,391524,8,1221
2021-03-02,AE,United Arab Emirates,EMRO,2526,394050,17,1238
2021-03-03,AE,United Arab Emirates,EMRO,2721,396771,15,1253
2021-03-04,AE,United Arab Emirates,EMRO,2692,399463,16,1269
2021-03-05,AE,United Arab Emirates,EMRO,2742,402205,17,1286
2021-03-06,AE,United Arab Emirates,EMRO,3072,405277,10,1296
2021-03-07,AE,United Arab Emirates,EMRO,2959,408236,14,1310
2021-03-08,AE,United Arab Emirates,EMRO,2613,410849,12,1322
2021-03-09,AE,United Arab Emirates,EMRO,2483,413332,13,1335
2021-03-10,AE,United Arab Emirates,EMRO,2373,415705,10,1345
2021-03-11,AE,United Arab Emirates,EMRO,2204,417909,8,1353
2021-03-12,AE,United Arab Emirates,EMRO,2087,419996,16,1369
2021-03-13,AE,United Arab Emirates,EMRO,2250,422246,9,1378
2021-03-14,AE,United Arab Emirates,EMRO,2159,424405,10,1388
2021-03-15,AE,United Arab Emirates,EMRO,1992,426397,7,1395
2021-03-16,AE,United Arab Emirates,EMRO,1898,428295,7,1402
2021-03-17,AE,United Arab Emirates,EMRO,2018,430313,4,1406
2021-03-18,AE,United Arab Emirates,EMRO,2051,432364,8,1414
2021-03-19,AE,United Arab Emirates,EMRO,2101,434465,10,1424
2021-03-20,AE,United Arab Emirates,EMRO,2160,436625,4,1428
2021-03-21,AE,United Arab Emirates,EMRO,2013,438638,5,1433
2021-03-22,AE,United Arab Emirates,EMRO,1717,440355,5,1438
2021-03-23,AE,United Arab Emirates,EMRO,1871,442226,7,1445
2021-03-24,AE,United Arab Emirates,EMRO,2172,444398,6,1451
2021-03-25,AE,United Arab Emirates,EMRO,2196,446594,5,1456
2021-03-26,AE,United Arab Emirates,EMRO,2043,448637,10,1466
2021-03-27,AE,United Arab Emirates,EMRO,2128,450765,6,1472
2021-03-28,AE,United Arab Emirates,EMRO,2304,453069,5,1477
2021-03-29,AE,United Arab Emirates,EMRO,2128,455197,4,1481
2021-03-30,AE,United Arab Emirates,EMRO,1874,457071,5,1486
2021-03-31,AE,United Arab Emirates,EMRO,2289,459360,6,1492
2021-04-01,AE,United Arab Emirates,EMRO,2084,461444,5,1497
2021-04-02,AE,United Arab Emirates,EMRO,2315,463759,2,1499
2021-04-03,AE,United Arab Emirates,EMRO,2180,465939,3,1502
2021-04-04,AE,United Arab Emirates,EMRO,2084,468023,2,1504
2021-04-05,AE,United Arab Emirates,EMRO,2113,470136,6,1510
2021-04-06,AE,United Arab Emirates,EMRO,2012,472148,2,1512
2021-04-07,AE,United Arab Emirates,EMRO,1988,474136,4,1516
2021-04-08,AE,United Arab Emirates,EMRO,1883,476019,4,1520
2021-04-09,AE,United Arab Emirates,EMRO,2112,478131,3,1523
2021-04-10,AE,United Arab Emirates,EMRO,1875,480006,3,1526
2021-04-11,AE,United Arab Emirates,EMRO,1931,481937,3,1529
2021-04-12,AE,United Arab Emirates,EMRO,1810,483747,2,1531
2021-04-13,AE,United Arab Emirates,EMRO,1928,485675,2,1533
2021-04-14,AE,United Arab Emirates,EMRO,2022,487697,4,1537
2021-04-15,AE,United Arab Emirates,EMRO,1798,489495,4,1541
2021-04-16,AE,United Arab Emirates,EMRO,1928,491423,4,1545
2021-04-17,AE,United Arab Emirates,EMRO,1843,493266,2,1547
2021-04-18,AE,United Arab Emirates,EMRO,1958,495224,3,1550
2021-04-19,AE,United Arab Emirates,EMRO,1930,497154,4,1554
2021-04-20,AE,United Arab Emirates,EMRO,1803,498957,2,1556
2021-04-21,AE,United Arab Emirates,EMRO,1903,500860,3,1559
2021-04-22,AE,United Arab Emirates,EMRO,1931,502791,2,1561
2021-04-23,AE,United Arab Emirates,EMRO,2081,504872,4,1565
2021-04-24,AE,United Arab Emirates,EMRO,1973,506845,2,1567
2021-04-25,AE,United Arab Emirates,EMRO,2080,508925,2,1569
2021-04-26,AE,United Arab Emirates,EMRO,1813,510738,2,1571
2021-04-27,AE,United Arab Emirates,EMRO,1759,512497,2,1573
2021-04-28,AE,United Arab Emirates,EMRO,2094,514591,5,1578
2021-04-29,AE,United Arab Emirates,EMRO,1710,516301,2,1580
2021-04-30,AE,United Arab Emirates,EMRO,1961,518262,4,1584
2021-05-01,AE,United Arab Emirates,EMRO,1974,520236,3,1587
2021-05-02,AE,United Arab Emirates,EMRO,1712,521948,4,1591
2021-05-03,AE,United Arab Emirates,EMRO,1847,523795,2,1593
2021-05-04,AE,United Arab Emirates,EMRO,1772,525567,3,1596
2021-05-05,AE,United Arab Emirates,EMRO,1699,527266,2,1598
2021-05-06,AE,United Arab Emirates,EMRO,1954,529220,3,1601
2021-05-07,AE,United Arab Emirates,EMRO,1724,530944,3,1604
2021-05-08,AE,United Arab Emirates,EMRO,1766,532710,3,1607
2021-05-09,AE,United Arab Emirates,EMRO,1735,534445,3,1610
2021-05-10,AE,United Arab Emirates,EMRO,1572,536017,3,1613
2021-05-11,AE,United Arab Emirates,EMRO,1507,537524,2,1615
2021-05-12,AE,United Arab Emirates,EMRO,1614,539138,2,1617
2021-05-13,AE,United Arab Emirates,EMRO,1508,540646,2,1619
2021-05-14,AE,United Arab Emirates,EMRO,1512,542158,4,1623
2021-05-15,AE,United Arab Emirates,EMRO,1452,543610,3,1626
2021-05-16,AE,United Arab Emirates,EMRO,1321,544931,3,1629
2021-05-17,AE,United Arab Emirates,EMRO,1251,546182,2,1631
2021-05-18,AE,United Arab Emirates,EMRO,1229,547411,2,1633
2021-05-19,AE,United Arab Emirates,EMRO,1270,548681,4,1637
2021-05-20,AE,United Arab Emirates,EMRO,1348,550029,2,1639
2021-05-21,AE,United Arab Emirates,EMRO,1401,551430,3,1642
2021-05-22,AE,United Arab Emirates,EMRO,1490,552920,2,1644
2021-05-23,AE,United Arab Emirates,EMRO,1596,554516,4,1648
2021-05-24,AE,United Arab Emirates,EMRO,1591,556107,3,1651
2021-05-25,AE,United Arab Emirates,EMRO,1512,557619,3,1654
2021-05-26,AE,United Arab Emirates,EMRO,1672,559291,4,1658
2021-05-27,AE,United Arab Emirates,EMRO,1757,561048,3,1661
2021-05-28,AE,United Arab Emirates,EMRO,2167,563215,3,1664
2021-05-29,AE,United Arab Emirates,EMRO,2236,565451,4,1668
2021-05-30,AE,United Arab Emirates,EMRO,1812,567263,5,1673
2021-05-31,AE,United Arab Emirates,EMRO,1810,569073,4,1677
2021-06-01,AE,United Arab Emirates,EMRO,1763,570836,3,1680
2021-06-02,AE,United Arab Emirates,EMRO,1968,572804,4,1684
2021-06-03,AE,United Arab Emirates,EMRO,2154,574958,2,1686
2021-06-04,AE,United Arab Emirates,EMRO,1989,576947,3,1689
2021-06-05,AE,United Arab Emirates,EMRO,2062,579009,2,1691
2021-06-06,AE,United Arab Emirates,EMRO,2188,581197,5,1696
2021-06-07,AE,United Arab Emirates,EMRO,1874,583071,3,1699
2021-06-08,AE,United Arab Emirates,EMRO,1968,585039,3,1702
2021-06-09,AE,United Arab Emirates,EMRO,2205,587244,2,1704
2021-06-10,AE,United Arab Emirates,EMRO,2179,589423,6,1710
2021-06-11,AE,United Arab Emirates,EMRO,2190,591613,7,1717
2021-06-12,AE,United Arab Emirates,EMRO,2281,593894,3,1720
2021-06-13,AE,United Arab Emirates,EMRO,2123,596017,4,1724
2021-06-14,AE,United Arab Emirates,EMRO,1969,597986,2,1726
2021-06-15,AE,United Arab Emirates,EMRO,1837,599823,4,1730
2021-06-16,AE,United Arab Emirates,EMRO,2127,601950,4,1734
2021-06-17,AE,United Arab Emirates,EMRO,2011,603961,4,1738
2021-06-18,AE,United Arab Emirates,EMRO,2167,606128,3,1741
2021-06-19,AE,United Arab Emirates,EMRO,1942,608070,6,1747
2021-06-20,AE,United Arab Emirates,EMRO,2109,610179,5,1752
2021-06-21,AE,United Arab Emirates,EMRO,1850,612029,5,1757
2021-06-22,AE,United Arab Emirates,EMRO,1964,613993,6,1763
2021-06-23,AE,United Arab Emirates,EMRO,2167,616160,4,1767
2021-06-24,AE,United Arab Emirates,EMRO,1988,618148,6,1773
2021-06-25,AE,United Arab Emirates,EMRO,2161,620309,2,1775
2021-06-26,AE,United Arab Emirates,EMRO,2223,622532,7,1782
2021-06-27,AE,United Arab Emirates,EMRO,2282,624814,10,1792
2021-06-28,AE,United Arab Emirates,EMRO,2122,626936,4,1796
2021-06-29,AE,United Arab Emirates,EMRO,2040,628976,6,1802
2021-06-30,AE,United Arab Emirates,EMRO,2184,631160,5,1807
2021-07-01,AE,United Arab Emirates,EMRO,1747,632907,4,1811
2021-07-02,AE,United Arab Emirates,EMRO,1675,634582,8,1819
2021-07-03,AE,United Arab Emirates,EMRO,1663,636245,6,1825
2021-07-04,AE,United Arab Emirates,EMRO,1632,637877,6,1831
2021-07-05,AE,United Arab Emirates,EMRO,1599,639476,3,1834
2021-07-06,AE,United Arab Emirates,EMRO,1573,641049,5,1839
2021-07-07,AE,United Arab Emirates,EMRO,1552,642601,4,1843
2021-07-08,AE,United Arab Emirates,EMRO,1513,644114,4,1847
2021-07-09,AE,United Arab Emirates,EMRO,1539,645653,2,1849
2021-07-10,AE,United Arab Emirates,EMRO,1529,647182,4,1853
2021-07-11,AE,United Arab Emirates,EMRO,1520,648702,7,1860
2021-07-12,AE,United Arab Emirates,EMRO,1518,650220,6,1866
2021-07-13,AE,United Arab Emirates,EMRO,1542,651762,4,1870
2021-07-14,AE,United Arab Emirates,EMRO,1522,653284,6,1876
2021-07-15,AE,United Arab Emirates,EMRO,1529,654813,4,1880
2021-07-16,AE,United Arab Emirates,EMRO,1541,656354,5,1885
2021-07-17,AE,United Arab Emirates,EMRO,1530,657884,7,1892
2021-07-18,AE,United Arab Emirates,EMRO,1565,659449,4,1896
2021-07-19,AE,United Arab Emirates,EMRO,1529,660978,2,1898
2021-07-20,AE,United Arab Emirates,EMRO,1508,662486,2,1900
2021-07-21,AE,United Arab Emirates,EMRO,1541,664027,4,1904
2021-07-22,AE,United Arab Emirates,EMRO,1506,665533,3,1907
2021-07-23,AE,United Arab Emirates,EMRO,1547,667080,3,1910
2021-07-24,AE,United Arab Emirates,EMRO,1521,668601,3,1913
2021-07-25,AE,United Arab Emirates,EMRO,1507,670108,3,1916
2021-07-26,AE,United Arab Emirates,EMRO,1528,671636,4,1920
2021-07-27,AE,United Arab Emirates,EMRO,1549,673185,7,1927
2021-07-28,AE,United Arab Emirates,EMRO,1539,674724,2,1929
2021-07-29,AE,United Arab Emirates,EMRO,1527,676251,5,1934
2021-07-30,AE,United Arab Emirates,EMRO,1550,677801,5,1939
2021-07-31,AE,United Arab Emirates,EMRO,1520,679321,4,1943
2021-08-01,AE,United Arab Emirates,EMRO,1537,680858,6,1949
2021-08-02,AE,United Arab Emirates,EMRO,1519,682377,2,1951
2021-08-03,AE,United Arab Emirates,EMRO,1537,683914,5,1956
2021-08-04,AE,United Arab Emirates,EMRO,1548,685462,4,1960
2021-08-05,AE,United Arab Emirates,EMRO,1519,686981,5,1965
2021-08-06,AE,United Arab Emirates,EMRO,1508,688489,2,1967
2021-08-07,AE,United Arab Emirates,EMRO,1520,690009,2,1969
2021-08-08,AE,United Arab Emirates,EMRO,1545,691554,2,1971
2021-08-09,AE,United Arab Emirates,EMRO,1410,692964,4,1975
2021-08-10,AE,United Arab Emirates,EMRO,1321,694285,3,1978
2021-08-11,AE,United Arab Emirates,EMRO,1334,695619,4,1982
2021-08-12,AE,United Arab Emirates,EMRO,1287,696906,6,1988
2021-08-13,AE,United Arab Emirates,EMRO,1260,698166,4,1992
2021-08-14,AE,United Arab Emirates,EMRO,1215,699381,2,1994
2021-08-15,AE,United Arab Emirates,EMRO,1206,700587,3,1997
2021-08-16,AE,United Arab Emirates,EMRO,1189,701776,4,2001
2021-08-17,AE,United Arab Emirates,EMRO,1109,702885,2,2003
2021-08-18,AE,United Arab Emirates,EMRO,1115,704000,3,2006
2021-08-19,AE,United Arab Emirates,EMRO,1089,705089,3,2009
2021-08-20,AE,United Arab Emirates,EMRO,1077,706166,3,2012
2021-08-21,AE,United Arab Emirates,EMRO,1070,707236,2,2014
2021-08-22,AE,United Arab Emirates,EMRO,1066,708302,4,2018
2021-08-23,AE,United Arab Emirates,EMRO,1076,709378,2,2020
2021-08-24,AE,United Arab Emirates,EMRO,1060,710438,4,2024
2021-08-25,AE,United Arab Emirates,EMRO,990,711428,2,2026
2021-08-26,AE,United Arab Emirates,EMRO,983,712411,2,2028
2021-08-27,AE,United Arab Emirates,EMRO,991,713402,3,2031
2021-08-28,AE,United Arab Emirates,EMRO,994,714396,4,2035
2021-08-29,AE,United Arab Emirates,EMRO,998,715394,1,2036
2021-08-30,AE,United Arab Emirates,EMRO,987,716381,2,2038
2021-08-31,AE,United Arab Emirates,EMRO,993,717374,1,2039
2021-09-01,AE,United Arab Emirates,EMRO,996,718370,2,2041
2021-09-02,AE,United Arab Emirates,EMRO,985,719355,2,2043
2021-09-03,AE,United Arab Emirates,EMRO,975,720330,0,2043
2021-09-04,AE,United Arab Emirates,EMRO,978,721308,1,2044
2021-09-05,AE,United Arab Emirates,EMRO,984,722292,1,2045
2021-09-06,AE,United Arab Emirates,EMRO,971,723263,1,2046
2021-09-07,AE,United Arab Emirates,EMRO,977,724240,2,2048
2021-09-08,AE,United Arab Emirates,EMRO,952,725192,2,2050
2021-09-09,AE,United Arab Emirates,EMRO,833,726025,3,2053
2021-09-10,AE,United Arab Emirates,EMRO,772,726797,4,2057
2021-09-11,AE,United Arab Emirates,EMRO,744,727541,3,2060
2021-09-12,AE,United Arab Emirates,EMRO,725,728266,2,2062
2021-09-13,AE,United Arab Emirates,EMRO,620,728886,0,2062
2021-09-14,AE,United Arab Emirates,EMRO,632,729518,2,2064
2021-09-15,AE,United Arab Emirates,EMRO,617,730135,2,2066
2021-09-16,AE,United Arab Emirates,EMRO,608,730743,2,2068
2020-01-03,US,United States of America,AMRO,0,0,0,0
2020-01-04,US,United States of America,AMRO,0,0,0,0
2020-01-05,US,United States of America,AMRO,0,0,0,0
2020-01-06,US,United States of America,AMRO,0,0,0,0
2020-01-07,US,United States of America,AMRO,0,0,0,0
2020-01-08,US,United States of America,AMRO,0,0,0,0
2020-01-09,US,United States of America,AMRO,0,0,0,0
2020-01-10,US,United States of America,AMRO,0,0,0,0
2020-01-11,US,United States of America,AMRO,0,0,0,0
2020-01-12,US,United States of America,AMRO,0,0,0,0
2020-01-13,US,United States of America,AMRO,0,0,0,0
2020-01-14,US,United States of America,AMRO,0,0,0,0
2020-01-15,US,United States of America,AMRO,0,0,0,0
2020-01-16,US,United States of America,AMRO,0,0,0,0
2020-01-17,US,United States of America,AMRO,0,0,0,0
2020-01-18,US,United States of America,AMRO,0,0,0,0
2020-01-19,US,United States of America,AMRO,0,0,0,0
2020-01-20,US,United States of America,AMRO,5,5,0,0
2020-01-21,US,United States of America,AMRO,0,5,0,0
2020-01-22,US,United States of America,AMRO,0,5,0,0
2020-01-23,US,United States of America,AMRO,0,5,0,0
2020-01-24,US,United States of America,AMRO,31,36,0,0
2020-01-25,US,United States of America,AMRO,1,37,0,0
2020-01-26,US,United States of America,AMRO,1,38,0,0
2020-01-27,US,United States of America,AMRO,3,41,0,0
2020-01-28,US,United States of America,AMRO,3,44,0,0
2020-01-29,US,United States of America,AMRO,1,45,0,0
2020-01-30,US,United States of America,AMRO,1,46,0,0
2020-01-31,US,United States of America,AMRO,1,47,0,0
2020-02-01,US,United States of America,AMRO,2,49,0,0
2020-02-02,US,United States of America,AMRO,4,53,0,0
2020-02-03,US,United States of America,AMRO,3,56,0,0
2020-02-04,US,United States of America,AMRO,1,57,0,0
2020-02-05,US,United States of America,AMRO,7,64,0,0
2020-02-06,US,United States of America,AMRO,1,65,0,0
2020-02-07,US,United States of America,AMRO,1,66,0,0
2020-02-08,US,United States of America,AMRO,0,66,0,0
2020-02-09,US,United States of America,AMRO,1,67,0,0
2020-02-10,US,United States of America,AMRO,1,68,0,0
2020-02-11,US,United States of America,AMRO,2,70,0,0
2020-02-12,US,United States of America,AMRO,1,71,0,0
2020-02-13,US,United States of America,AMRO,2,73,0,0
2020-02-14,US,United States of America,AMRO,1,74,0,0
2020-02-15,US,United States of America,AMRO,2,76,0,0
2020-02-16,US,United States of America,AMRO,3,79,0,0
2020-02-17,US,United States of America,AMRO,2,81,0,0
2020-02-18,US,United States of America,AMRO,0,81,0,0
2020-02-19,US,United States of America,AMRO,6,87,0,0
2020-02-20,US,United States of America,AMRO,0,87,0,0
2020-02-21,US,United States of America,AMRO,1,88,0,0
2020-02-22,US,United States of America,AMRO,2,90,0,0
2020-02-23,US,United States of America,AMRO,9,99,0,0
2020-02-24,US,United States of America,AMRO,2,101,0,0
2020-02-25,US,United States of America,AMRO,1,102,0,0
2020-02-26,US,United States of America,AMRO,4,106,0,0
2020-02-27,US,United States of America,AMRO,5,111,0,0
2020-02-28,US,United States of America,AMRO,4,115,0,0
2020-02-29,US,United States of America,AMRO,11,126,1,1
2020-03-01,US,United States of America,AMRO,8,134,0,1
2020-03-02,US,United States of America,AMRO,19,153,1,2
2020-03-03,US,United States of America,AMRO,24,177,0,2
2020-03-04,US,United States of America,AMRO,41,218,5,7
2020-03-05,US,United States of America,AMRO,38,256,3,10
2020-03-06,US,United States of America,AMRO,44,300,1,11
2020-03-07,US,United States of America,AMRO,81,381,2,13
2020-03-08,US,United States of America,AMRO,78,459,2,15
2020-03-09,US,United States of America,AMRO,98,557,5,20
2020-03-10,US,United States of America,AMRO,191,748,4,24
2020-03-11,US,United States of America,AMRO,301,1049,7,31
2020-03-12,US,United States of America,AMRO,374,1423,5,36
2020-03-13,US,United States of America,AMRO,368,1791,12,48
2020-03-14,US,United States of America,AMRO,532,2323,7,55
2020-03-15,US,United States of America,AMRO,443,2766,8,63
2020-03-16,US,United States of America,AMRO,536,3302,12,75
2020-03-17,US,United States of America,AMRO,1381,4683,23,98
2020-03-18,US,United States of America,AMRO,1055,5738,18,116
2020-03-19,US,United States of America,AMRO,3108,8846,31,147
2020-03-20,US,United States of America,AMRO,3765,12611,67,214
2020-03-21,US,United States of America,AMRO,5045,17656,57,271
2020-03-22,US,United States of America,AMRO,3743,21399,70,341
2020-03-23,US,United States of America,AMRO,6037,27436,83,424
2020-03-24,US,United States of America,AMRO,9032,36468,81,505
2020-03-25,US,United States of America,AMRO,11224,47692,151,656
2020-03-26,US,United States of America,AMRO,10786,58478,206,862
2020-03-27,US,United States of America,AMRO,14073,72551,275,1137
2020-03-28,US,United States of America,AMRO,17135,89686,267,1404
2020-03-29,US,United States of America,AMRO,18547,108233,450,1854
2020-03-30,US,United States of America,AMRO,19444,127677,459,2313
2020-03-31,US,United States of America,AMRO,18136,145813,331,2644
2020-04-01,US,United States of America,AMRO,22395,168208,511,3155
2020-04-02,US,United States of America,AMRO,22834,191042,752,3907
2020-04-03,US,United States of America,AMRO,27357,218399,912,4819
2020-04-04,US,United States of America,AMRO,25982,244381,970,5789
2020-04-05,US,United States of America,AMRO,35131,279512,1067,6856
2020-04-06,US,United States of America,AMRO,30593,310105,1157,8013
2020-04-07,US,United States of America,AMRO,25511,335616,1364,9377
2020-04-08,US,United States of America,AMRO,42604,378220,3243,12620
2020-04-09,US,United States of America,AMRO,21975,400195,674,13294
2020-04-10,US,United States of America,AMRO,31714,431909,1958,15252
2020-04-11,US,United States of America,AMRO,31215,463124,2343,17595
2020-04-12,US,United States of America,AMRO,34595,497719,1640,19235
2020-04-13,US,United States of America,AMRO,32364,530083,1971,21206
2020-04-14,US,United States of America,AMRO,27973,558056,1380,22586
2020-04-15,US,United States of America,AMRO,24540,582596,597,23183
2020-04-16,US,United States of America,AMRO,25794,608390,2356,25539
2020-04-17,US,United States of America,AMRO,27172,635562,6508,32047
2020-04-18,US,United States of America,AMRO,29015,664577,2011,34058
2020-04-19,US,United States of America,AMRO,29978,694555,2451,36509
2020-04-20,US,United States of America,AMRO,29759,724314,1794,38303
2020-04-21,US,United States of America,AMRO,24371,748685,1878,40181
2020-04-22,US,United States of America,AMRO,29479,778164,2807,42988
2020-04-23,US,United States of America,AMRO,26339,804503,2820,45808
2020-04-24,US,United States of America,AMRO,26644,831147,1771,47579
2020-04-25,US,United States of America,AMRO,37063,868210,2489,50068
2020-04-26,US,United States of America,AMRO,30408,898618,1652,51720
2020-04-27,US,United States of America,AMRO,33630,932248,2017,53737
2020-04-28,US,United States of America,AMRO,27787,960035,1460,55197
2020-04-29,US,United States of America,AMRO,24270,984305,1423,56620
2020-04-30,US,United States of America,AMRO,24095,1008400,2253,58873
2020-05-01,US,United States of America,AMRO,26299,1034699,2474,61347
2020-05-02,US,United States of America,AMRO,31184,1065883,2264,63611
2020-05-03,US,United States of America,AMRO,30169,1096052,1939,65550
2020-05-04,US,United States of America,AMRO,28743,1124795,1494,67044
2020-05-05,US,United States of America,AMRO,29161,1153956,1728,68772
2020-05-06,US,United States of America,AMRO,19069,1173025,976,69748
2020-05-07,US,United States of America,AMRO,22690,1195715,2455,72203
2020-05-08,US,United States of America,AMRO,23593,1219308,2310,74513
2020-05-09,US,United States of America,AMRO,30297,1249605,2277,76790
2020-05-10,US,United States of America,AMRO,25214,1274819,1620,78410
2020-05-11,US,United States of America,AMRO,26914,1301733,1626,80036
2020-05-12,US,United States of America,AMRO,23871,1325604,980,81016
2020-05-13,US,United States of America,AMRO,18080,1343684,1076,82092
2020-05-14,US,United States of America,AMRO,22025,1365709,1526,83618
2020-05-15,US,United States of America,AMRO,20953,1386662,1644,85262
2020-05-16,US,United States of America,AMRO,26972,1413634,1794,87056
2020-05-17,US,United States of America,AMRO,22855,1436489,1483,88539
2020-05-18,US,United States of America,AMRO,32243,1468732,1399,89938
2020-05-19,US,United States of America,AMRO,13346,1482078,696,90634
2020-05-20,US,United States of America,AMRO,24654,1506732,982,91616
2020-05-21,US,United States of America,AMRO,24261,1530993,1324,92940
2020-05-22,US,United States of America,AMRO,22354,1553347,1347,94287
2020-05-23,US,United States of America,AMRO,20665,1574012,1083,95370
2020-05-24,US,United States of America,AMRO,24382,1598394,1832,97202
2020-05-25,US,United States of America,AMRO,26188,1624582,1030,98232
2020-05-26,US,United States of America,AMRO,14957,1639539,643,98875
2020-05-27,US,United States of America,AMRO,24630,1664169,637,99512
2020-05-28,US,United States of America,AMRO,16630,1680799,802,100314
2020-05-29,US,United States of America,AMRO,20020,1700819,1388,101702
2020-05-30,US,United States of America,AMRO,21459,1722278,1215,102917
2020-05-31,US,United States of America,AMRO,18053,1740331,1054,103971
2020-06-01,US,United States of America,AMRO,23921,1764252,929,104900
2020-06-02,US,United States of America,AMRO,25812,1790064,661,105561
2020-06-03,US,United States of America,AMRO,12207,1802271,609,106170
2020-06-04,US,United States of America,AMRO,25127,1827398,1058,107228
2020-06-05,US,United States of America,AMRO,15268,1842666,948,108176
2020-06-06,US,United States of America,AMRO,20648,1863314,900,109076
2020-06-07,US,United States of America,AMRO,29515,1892829,1109,110185
2020-06-08,US,United States of America,AMRO,28389,1921218,705,110890
2020-06-09,US,United States of America,AMRO,17526,1938744,516,111406
2020-06-10,US,United States of America,AMRO,17902,1956646,796,112202
2020-06-11,US,United States of America,AMRO,18029,1974675,924,113126
2020-06-12,US,United States of America,AMRO,21303,1995978,831,113957
2020-06-13,US,United States of America,AMRO,22644,2018622,932,114889
2020-06-14,US,United States of America,AMRO,22179,2040801,694,115583
2020-06-15,US,United States of America,AMRO,24677,2065478,674,116257
2020-06-16,US,United States of America,AMRO,20844,2086322,406,116663
2020-06-17,US,United States of America,AMRO,19600,2105922,519,117182
2020-06-18,US,United States of America,AMRO,29741,2135663,749,117931
2020-06-19,US,United States of America,AMRO,24393,2160056,719,118650
2020-06-20,US,United States of America,AMRO,28912,2188968,719,119369
2020-06-21,US,United States of America,AMRO,32879,2221847,707,120076
2020-06-22,US,United States of America,AMRO,32891,2254738,595,120671
2020-06-23,US,United States of America,AMRO,27874,2282612,366,121037
2020-06-24,US,United States of America,AMRO,26719,2309331,439,121476
2020-06-25,US,United States of America,AMRO,35074,2344405,824,122300
2020-06-26,US,United States of America,AMRO,39364,2383769,704,123004
2020-06-27,US,United States of America,AMRO,39824,2423593,2553,125557
2020-06-28,US,United States of America,AMRO,45239,2468832,656,126213
2020-06-29,US,United States of America,AMRO,44729,2513561,559,126772
2020-06-30,US,United States of America,AMRO,40282,2553843,964,127736
2020-07-01,US,United States of America,AMRO,37174,2591017,446,128182
2020-07-02,US,United States of America,AMRO,45607,2636624,710,128892
2020-07-03,US,United States of America,AMRO,55938,2692562,760,129652
2020-07-04,US,United States of America,AMRO,55490,2748052,699,130351
2020-07-05,US,United States of America,AMRO,56340,2804392,773,131124
2020-07-06,US,United States of America,AMRO,50876,2855268,434,131558
2020-07-07,US,United States of America,AMRO,42980,2898248,381,131939
2020-07-08,US,United States of America,AMRO,51356,2949604,528,132467
2020-07-09,US,United States of America,AMRO,53167,3002771,1018,133485
2020-07-10,US,United States of America,AMRO,66610,3069381,1058,134543
2020-07-11,US,United States of America,AMRO,60075,3129456,878,135421
2020-07-12,US,United States of America,AMRO,69090,3198546,903,136324
2020-07-13,US,United States of America,AMRO,61027,3259573,839,137163
2020-07-14,US,United States of America,AMRO,60071,3319644,691,137854
2020-07-15,US,United States of America,AMRO,60648,3380292,604,138458
2020-07-16,US,United States of America,AMRO,60242,3440534,993,139451
2020-07-17,US,United States of America,AMRO,70732,3511266,1088,140539
2020-07-18,US,United States of America,AMRO,72641,3583907,1041,141580
2020-07-19,US,United States of America,AMRO,76170,3660077,1007,142587
2020-07-20,US,United States of America,AMRO,64007,3724084,943,143530
2020-07-21,US,United States of America,AMRO,61095,3785179,764,144294
2020-07-22,US,United States of America,AMRO,58837,3844016,746,145040
2020-07-23,US,United States of America,AMRO,64223,3908239,1185,146225
2020-07-24,US,United States of America,AMRO,70150,3978389,1133,147358
2020-07-25,US,United States of America,AMRO,70791,4049180,1232,148590
2020-07-26,US,United States of America,AMRO,72859,4122039,1203,149793
2020-07-27,US,United States of America,AMRO,61341,4183380,1044,150837
2020-07-28,US,United States of America,AMRO,58028,4241408,712,151549
2020-07-29,US,United States of America,AMRO,53900,4295308,786,152335
2020-07-30,US,United States of America,AMRO,58936,4354244,1259,153594
2020-07-31,US,United States of America,AMRO,63689,4417933,1277,154871
2020-08-01,US,United States of America,AMRO,67033,4484966,1413,156284
2020-08-02,US,United States of America,AMRO,65085,4550051,1298,157582
2020-08-03,US,United States of America,AMRO,57487,4607538,1120,158702
2020-08-04,US,United States of America,AMRO,51454,4658992,700,159402
2020-08-05,US,United States of America,AMRO,44264,4703256,797,160199
2020-08-06,US,United States of America,AMRO,51879,4755135,1062,161261
2020-08-07,US,United States of America,AMRO,52165,4807300,1270,162531
2020-08-08,US,United States of America,AMRO,55029,4862329,1173,163704
2020-08-09,US,United States of America,AMRO,59103,4921432,1266,164970
2020-08-10,US,United States of America,AMRO,53881,4975313,1027,165997
2020-08-11,US,United States of America,AMRO,46664,5021977,664,166661
2020-08-12,US,United States of America,AMRO,40656,5062633,774,167435
2020-08-13,US,United States of America,AMRO,56093,5118726,1202,168637
2020-08-14,US,United States of America,AMRO,56111,5174837,1302,169939
2020-08-15,US,United States of America,AMRO,52986,5227823,1138,171077
2020-08-16,US,United States of America,AMRO,54307,5282130,1114,172191
2020-08-17,US,United States of America,AMRO,54073,5336203,975,173166
2020-08-18,US,United States of America,AMRO,40975,5377178,804,173970
2020-08-19,US,United States of America,AMRO,38075,5415253,575,174545
2020-08-20,US,United States of America,AMRO,40748,5456001,1120,175665
2020-08-21,US,United States of America,AMRO,45066,5501067,1224,176889
2020-08-22,US,United States of America,AMRO,45400,5546467,972,177861
2020-08-23,US,United States of America,AMRO,45233,5591700,990,178851
2020-08-24,US,United States of America,AMRO,43901,5635601,889,179740
2020-08-25,US,United States of America,AMRO,36673,5672274,653,180393
2020-08-26,US,United States of America,AMRO,35532,5707806,549,180942
2020-08-27,US,United States of America,AMRO,39301,5747107,1047,181989
2020-08-28,US,United States of America,AMRO,45693,5792800,1023,183012
2020-08-29,US,United States of America,AMRO,47020,5839820,980,183992
2020-08-30,US,United States of America,AMRO,45058,5884878,904,184896
2020-08-31,US,United States of America,AMRO,41120,5925998,914,185810
2020-09-01,US,United States of America,AMRO,35618,5961616,482,186292
2020-09-02,US,United States of America,AMRO,33577,5995193,510,186802
2020-09-03,US,United States of America,AMRO,44250,6039443,1015,187817
2020-09-04,US,United States of America,AMRO,42145,6081588,868,188685
2020-09-05,US,United States of America,AMRO,46120,6127708,976,189661
2020-09-06,US,United States of America,AMRO,49920,6177628,904,190565
2020-09-07,US,United States of America,AMRO,41531,6219159,778,191343
2020-09-08,US,United States of America,AMRO,33158,6252317,511,191854
2020-09-09,US,United States of America,AMRO,25513,6277830,303,192157
2020-09-10,US,United States of America,AMRO,26272,6304102,465,192622
2020-09-11,US,United States of America,AMRO,34383,6338485,1061,193683
2020-09-12,US,United States of America,AMRO,38207,6376692,989,194672
2020-09-13,US,United States of America,AMRO,44820,6421512,899,195571
2020-09-14,US,United States of America,AMRO,39476,6460988,731,196302
2020-09-15,US,United States of America,AMRO,31548,6492536,547,196849
2020-09-16,US,United States of America,AMRO,34811,6527347,437,197286
2020-09-17,US,United States of America,AMRO,35785,6563132,861,198147
2020-09-18,US,United States of America,AMRO,42294,6605426,1167,199314
2020-09-19,US,United States of America,AMRO,44236,6649662,784,200098
2020-09-20,US,United States of America,AMRO,47199,6696861,866,200964
2020-09-21,US,United States of America,AMRO,41497,6738358,599,201563
2020-09-22,US,United States of America,AMRO,33890,6772248,346,201909
2020-09-23,US,United States of America,AMRO,40150,6812398,502,202411
2020-09-24,US,United States of America,AMRO,48953,6861351,761,203172
2020-09-25,US,United States of America,AMRO,40835,6902186,1074,204246
2020-09-26,US,United States of America,AMRO,44051,6946237,849,205095
2020-09-27,US,United States of America,AMRO,49872,6996109,815,205910
2020-09-28,US,United States of America,AMRO,42704,7038813,774,206684
2020-09-29,US,United States of America,AMRO,34869,7073682,329,207013
2020-09-30,US,United States of America,AMRO,36695,7110377,340,207353
2020-10-01,US,United States of America,AMRO,39442,7149819,900,208253
2020-10-02,US,United States of America,AMRO,46266,7196085,782,209035
2020-10-03,US,United States of America,AMRO,46928,7243013,833,209868
2020-10-04,US,United States of America,AMRO,50322,7293335,828,210696
2020-10-05,US,United States of America,AMRO,46719,7340054,663,211359
2020-10-06,US,United States of America,AMRO,35996,7376050,451,211810
2020-10-07,US,United States of America,AMRO,42534,7418584,477,212287
2020-10-08,US,United States of America,AMRO,41353,7459937,641,212928
2020-10-09,US,United States of America,AMRO,54640,7514577,803,213731
2020-10-10,US,United States of America,AMRO,55452,7570029,917,214648
2020-10-11,US,United States of America,AMRO,57896,7627925,899,215547
2020-10-12,US,United States of America,AMRO,50821,7678746,584,216131
2020-10-13,US,United States of America,AMRO,47522,7726268,580,216711
2020-10-14,US,United States of America,AMRO,48048,7774316,454,217165
2020-10-15,US,United States of America,AMRO,50113,7824429,766,217931
2020-10-16,US,United States of America,AMRO,56983,7881412,797,218728
2020-10-17,US,United States of America,AMRO,63546,7944958,843,219571
2020-10-18,US,United States of America,AMRO,67772,8012730,976,220547
2020-10-19,US,United States of America,AMRO,53584,8066314,629,221176
2020-10-20,US,United States of America,AMRO,48425,8114739,574,221750
2020-10-21,US,United States of America,AMRO,59697,8174436,634,222384
2020-10-22,US,United States of America,AMRO,62309,8236745,847,223231
2020-10-23,US,United States of America,AMRO,65402,8302147,1042,224273
2020-10-24,US,United States of America,AMRO,75563,8377710,988,225261
2020-10-25,US,United States of America,AMRO,82223,8459933,961,226222
2020-10-26,US,United States of America,AMRO,78289,8538222,884,227106
2020-10-27,US,United States of America,AMRO,62409,8600631,436,227542
2020-10-28,US,United States of America,AMRO,68534,8669165,616,228158
2020-10-29,US,United States of America,AMRO,75619,8744784,938,229096
2020-10-30,US,United States of America,AMRO,83863,8828647,1063,230159
2020-10-31,US,United States of America,AMRO,90856,8919503,1094,231253
2020-11-01,US,United States of America,AMRO,99242,9018745,1042,232295
2020-11-02,US,United States of America,AMRO,87919,9106664,824,233119
2020-11-03,US,United States of America,AMRO,137913,9244577,512,233631
2020-11-04,US,United States of America,AMRO,91368,9335945,664,234295
2020-11-05,US,United States of America,AMRO,96301,9432246,1136,235431
2020-11-06,US,United States of America,AMRO,110818,9543064,1172,236603
2020-11-07,US,United States of America,AMRO,122899,9665963,1159,237762
2020-11-08,US,United States of America,AMRO,133346,9799309,1221,238983
2020-11-09,US,United States of America,AMRO,129150,9928459,1086,240069
2020-11-10,US,United States of America,AMRO,105550,10034009,615,240684
2020-11-11,US,United States of America,AMRO,128515,10162524,866,241550
2020-11-12,US,United States of America,AMRO,144244,10306768,1874,243424
2020-11-13,US,United States of America,AMRO,151353,10458121,1000,244424
2020-11-14,US,United States of America,AMRO,160338,10618459,1707,246131
2020-11-15,US,United States of America,AMRO,179536,10797995,1313,247444
2020-11-16,US,United States of America,AMRO,161174,10959169,1322,248766
2020-11-17,US,United States of America,AMRO,139878,11099047,798,249564
2020-11-18,US,United States of America,AMRO,158847,11257894,943,250507
2020-11-19,US,United States of America,AMRO,165487,11423381,1612,252119
2020-11-20,US,United States of America,AMRO,168357,11591738,1789,253908
2020-11-21,US,United States of America,AMRO,188087,11779825,1947,255855
2020-11-22,US,United States of America,AMRO,196984,11976809,1888,257743
2020-11-23,US,United States of America,AMRO,176061,12152870,1477,259220
2020-11-24,US,United States of America,AMRO,149442,12302312,1061,260281
2020-11-25,US,United States of America,AMRO,164455,12466767,1258,261539
2020-11-26,US,United States of America,AMRO,174690,12641457,2089,263628
2020-11-27,US,United States of America,AMRO,188981,12830438,2246,265874
2020-11-28,US,United States of America,AMRO,147728,12978166,1441,267315
2020-11-29,US,United States of America,AMRO,176261,13154427,1525,268840
2020-11-30,US,United States of America,AMRO,147682,13302109,1401,270241
2020-12-01,US,United States of America,AMRO,135420,13437529,994,271235
2020-12-02,US,United States of America,AMRO,160365,13597894,1491,272726
2020-12-03,US,United States of America,AMRO,189757,13787651,2534,275260
2020-12-04,US,United States of America,AMRO,205815,13993466,2734,277994
2020-12-05,US,United States of America,AMRO,222840,14216306,2844,280838
2020-12-06,US,United States of America,AMRO,224358,14440664,2440,283278
2020-12-07,US,United States of America,AMRO,208854,14649518,2341,285619
2020-12-08,US,United States of America,AMRO,173874,14823392,1316,286935
2020-12-09,US,United States of America,AMRO,194996,15018388,1841,288776
2020-12-10,US,United States of America,AMRO,227096,15245484,2668,291444
2020-12-11,US,United States of America,AMRO,217561,15463045,3187,294631
2020-12-12,US,United States of America,AMRO,209909,15672954,2838,297469
2020-12-13,US,United States of America,AMRO,250135,15923089,3024,300493
2020-12-14,US,United States of America,AMRO,217251,16140340,2396,302889
2020-12-15,US,United States of America,AMRO,180769,16321109,1649,304538
2020-12-16,US,United States of America,AMRO,202385,16523494,1908,306446
2020-12-17,US,United States of America,AMRO,200935,16724429,2968,309414
2020-12-18,US,United States of America,AMRO,243962,16968391,3420,312834
2020-12-19,US,United States of America,AMRO,246505,17214896,3446,316280
2020-12-20,US,United States of America,AMRO,237330,17452226,2754,319034
2020-12-21,US,United States of America,AMRO,198918,17651144,2584,321618
2020-12-22,US,United States of America,AMRO,192411,17843555,1803,323421
2020-12-23,US,United States of America,AMRO,187349,18030904,1937,325358
2020-12-24,US,United States of America,AMRO,200442,18231346,3244,328602
2020-12-25,US,United States of America,AMRO,232439,18463785,3348,331950
2020-12-26,US,United States of America,AMRO,196598,18660383,2820,334770
2020-12-27,US,United States of America,AMRO,133256,18793639,1768,336538
2020-12-28,US,United States of America,AMRO,183182,18976821,1598,338136
2020-12-29,US,United States of America,AMRO,148496,19125317,1702,339838
2020-12-30,US,United States of America,AMRO,179388,19304705,2017,341855
2020-12-31,US,United States of America,AMRO,208626,19513331,3543,345398
2021-01-01,US,United States of America,AMRO,237337,19750668,3726,349124
2021-01-02,US,United States of America,AMRO,230749,19981417,3277,352401
2021-01-03,US,United States of America,AMRO,172805,20154222,2581,354982
2021-01-04,US,United States of America,AMRO,280226,20434448,2578,357560
2021-01-05,US,United States of America,AMRO,207617,20642065,1744,359304
2021-01-06,US,United States of America,AMRO,182342,20824407,2129,361433
2021-01-07,US,United States of America,AMRO,234989,21059396,3713,365146
2021-01-08,US,United States of America,AMRO,249893,21309289,3772,368918
2021-01-09,US,United States of America,AMRO,278047,21587336,4125,373043
2021-01-10,US,United States of America,AMRO,312247,21899583,3601,376644
2021-01-11,US,United States of America,AMRO,242706,22142289,3427,380071
2021-01-12,US,United States of America,AMRO,217568,22359857,2340,382411
2021-01-13,US,United States of America,AMRO,202149,22562006,2320,384731
2021-01-14,US,United States of America,AMRO,222108,22784114,4048,388779
2021-01-15,US,United States of America,AMRO,224827,23008941,4004,392783
2021-01-16,US,United States of America,AMRO,224744,23233685,3773,396556
2021-01-17,US,United States of America,AMRO,245914,23479599,3552,400108
2021-01-18,US,United States of America,AMRO,212299,23691898,3499,403607
2021-01-19,US,United States of America,AMRO,183737,23875635,2136,405743
2021-01-20,US,United States of America,AMRO,152372,24028007,2030,407773
2021-01-21,US,United States of America,AMRO,149551,24177558,2384,410157
2021-01-22,US,United States of America,AMRO,188128,24365686,4180,414337
2021-01-23,US,United States of America,AMRO,188609,24554295,3902,418239
2021-01-24,US,United States of America,AMRO,189131,24743426,3776,422015
2021-01-25,US,United States of America,AMRO,168956,24912382,3190,425205
2021-01-26,US,United States of America,AMRO,139791,25052173,2144,427349
2021-01-27,US,United States of America,AMRO,134873,25187046,2233,429582
2021-01-28,US,United States of America,AMRO,149329,25336375,3592,433174
2021-01-29,US,United States of America,AMRO,155950,25492325,3698,436872
2021-01-30,US,United States of America,AMRO,156221,25648546,3546,440418
2021-01-31,US,United States of America,AMRO,148456,25797002,3273,443691
2021-02-01,US,United States of America,AMRO,156826,25953828,2828,446519
2021-02-02,US,United States of America,AMRO,109424,26063252,2009,448528
2021-02-03,US,United States of America,AMRO,126530,26189782,1902,450430
2021-02-04,US,United States of America,AMRO,119657,26309439,3169,453599
2021-02-05,US,United States of America,AMRO,118677,26428116,3320,456919
2021-02-06,US,United States of America,AMRO,124853,26552969,4827,461746
2021-02-07,US,United States of America,AMRO,127221,26680190,3345,465091
2021-02-08,US,United States of America,AMRO,107773,26787963,2678,467769
2021-02-09,US,United States of America,AMRO,90525,26878488,1536,469305
2021-02-10,US,United States of America,AMRO,82328,26960816,1590,470895
2021-02-11,US,United States of America,AMRO,91671,27052487,2672,473567
2021-02-12,US,United States of America,AMRO,96084,27148571,3162,476729
2021-02-13,US,United States of America,AMRO,100571,27249142,3185,479914
2021-02-14,US,United States of America,AMRO,97779,27346921,5156,485070
2021-02-15,US,United States of America,AMRO,87963,27434884,3172,488242
2021-02-16,US,United States of America,AMRO,65813,27500697,1334,489576
2021-02-17,US,United States of America,AMRO,55128,27555825,1261,490837
2021-02-18,US,United States of America,AMRO,56692,27612517,1500,492337
2021-02-19,US,United States of America,AMRO,70074,27682591,2577,494914
2021-02-20,US,United States of America,AMRO,67806,27750397,2397,497311
2021-02-21,US,United States of America,AMRO,72906,27823303,2410,499721
2021-02-22,US,United States of America,AMRO,69631,27892934,2004,501725
2021-02-23,US,United States of America,AMRO,53992,27946926,1300,503025
2021-02-24,US,United States of America,AMRO,55864,28002790,1640,504665
2021-02-25,US,United States of America,AMRO,69267,28072057,1925,506590
2021-02-26,US,United States of America,AMRO,75437,28147494,2099,508689
2021-02-27,US,United States of America,AMRO,73453,28220947,2966,511655
2021-02-28,US,United States of America,AMRO,72996,28293943,1868,513523
2021-03-01,US,United States of America,AMRO,69545,28363488,1691,515214
2021-03-02,US,United States of America,AMRO,50194,28413682,898,516112
2021-03-03,US,United States of America,AMRO,51100,28464782,1309,517421
2021-03-04,US,United States of America,AMRO,55363,28520145,1873,519294
2021-03-05,US,United States of America,AMRO,64273,28584418,1612,520906
2021-03-06,US,United States of America,AMRO,65806,28650224,1551,522457
2021-03-07,US,United States of America,AMRO,65637,28715861,2000,524457
2021-03-08,US,United States of America,AMRO,57906,28773767,1478,525935
2021-03-09,US,United States of America,AMRO,42111,28815878,876,526811
2021-03-10,US,United States of America,AMRO,43161,28859039,928,527739
2021-03-11,US,United States of America,AMRO,53809,28912848,1369,529108
2021-03-12,US,United States of America,AMRO,60869,28973717,1347,530455
2021-03-13,US,United States of America,AMRO,60308,29034025,1324,531779
2021-03-14,US,United States of America,AMRO,62503,29096528,1222,533001
2021-03-15,US,United States of America,AMRO,52686,29149214,946,533947
2021-03-16,US,United States of America,AMRO,42393,29191607,588,534535
2021-03-17,US,United States of America,AMRO,45186,29236793,735,535270
2021-03-18,US,United States of America,AMRO,52164,29288957,939,536209
2021-03-19,US,United States of America,AMRO,57808,29346765,1004,537213
2021-03-20,US,United States of America,AMRO,58402,29405167,1343,538556
2021-03-21,US,United States of America,AMRO,61405,29466572,1359,539915
2021-03-22,US,United States of America,AMRO,60643,29527215,712,540627
2021-03-23,US,United States of America,AMRO,39024,29566239,451,541078
2021-03-24,US,United States of America,AMRO,55399,29621638,957,542035
2021-03-25,US,United States of America,AMRO,59983,29681621,729,542764
2021-03-26,US,United States of America,AMRO,65751,29747372,1091,543855
2021-03-27,US,United States of America,AMRO,67796,29815168,1237,545092
2021-03-28,US,United States of America,AMRO,71388,29886556,1170,546262
2021-03-29,US,United States of America,AMRO,63131,29949687,775,547037
2021-03-30,US,United States of America,AMRO,47266,29996953,516,547553
2021-03-31,US,United States of America,AMRO,61844,30058797,626,548179
2021-04-01,US,United States of America,AMRO,62561,30121358,763,548942
2021-04-02,US,United States of America,AMRO,69552,30190910,915,549857
2021-04-03,US,United States of America,AMRO,74707,30265617,815,550672
2021-04-04,US,United States of America,AMRO,64869,30330486,780,551452
2021-04-05,US,United States of America,AMRO,67736,30398222,722,552174
2021-04-06,US,United States of America,AMRO,41253,30439475,400,552574
2021-04-07,US,United States of America,AMRO,63035,30502510,335,552909
2021-04-08,US,United States of America,AMRO,61226,30563736,708,553617
2021-04-09,US,United States of America,AMRO,76069,30639805,772,554389
2021-04-10,US,United States of America,AMRO,76573,30716378,948,555337
2021-04-11,US,United States of America,AMRO,80567,30796945,930,556267
2021-04-12,US,United States of America,AMRO,68114,30865059,792,557059
2021-04-13,US,United States of America,AMRO,53594,30918653,341,557400
2021-04-14,US,United States of America,AMRO,57801,30976454,559,557959
2021-04-15,US,United States of America,AMRO,77231,31053685,746,558705
2021-04-16,US,United States of America,AMRO,74225,31127910,834,559539
2021-04-17,US,United States of America,AMRO,72382,31200292,907,560446
2021-04-18,US,United States of America,AMRO,75086,31275378,910,561356
2021-04-19,US,United States of America,AMRO,70121,31345499,709,562065
2021-04-20,US,United States of America,AMRO,53170,31398669,370,562435
2021-04-21,US,United States of America,AMRO,44409,31443078,443,562878
2021-04-22,US,United States of America,AMRO,59744,31502822,783,563661
2021-04-23,US,United States of America,AMRO,63523,31566345,860,564521
2021-04-24,US,United States of America,AMRO,65060,31631405,825,565346
2021-04-25,US,United States of America,AMRO,61884,31693289,838,566184
2021-04-26,US,United States of America,AMRO,56630,31749919,766,566950
2021-04-27,US,United States of America,AMRO,40961,31790880,307,567257
2021-04-28,US,United States of America,AMRO,28756,31819636,446,567703
2021-04-29,US,United States of America,AMRO,51594,31871230,618,568321
2021-04-30,US,United States of America,AMRO,54600,31925830,846,569167
2021-05-01,US,United States of America,AMRO,59748,31985578,858,570025
2021-05-02,US,United States of America,AMRO,53619,32039197,810,570835
2021-05-03,US,United States of America,AMRO,50396,32089593,765,571600
2021-05-04,US,United States of America,AMRO,37543,32127136,419,572019
2021-05-05,US,United States of America,AMRO,32382,32159518,435,572454
2021-05-06,US,United States of America,AMRO,44514,32204032,798,573252
2021-05-07,US,United States of America,AMRO,44855,32248887,715,573967
2021-05-08,US,United States of America,AMRO,44787,32293674,764,574731
2021-05-09,US,United States of America,AMRO,45192,32338866,790,575521
2021-05-10,US,United States of America,AMRO,38091,32376957,645,576166
2021-05-11,US,United States of America,AMRO,27426,32404383,278,576444
2021-05-12,US,United States of America,AMRO,22334,32426717,402,576846
2021-05-13,US,United States of America,AMRO,34676,32461393,666,577512
2021-05-14,US,United States of America,AMRO,35093,32496486,745,578257
2021-05-15,US,United States of America,AMRO,37587,32534073,727,578984
2021-05-16,US,United States of America,AMRO,40431,32574504,680,579664
2021-05-17,US,United States of America,AMRO,30732,32605236,502,580166
2021-05-18,US,United States of America,AMRO,17984,32623220,302,580468
2021-05-19,US,United States of America,AMRO,23942,32647162,515,580983
2021-05-20,US,United States of America,AMRO,29792,32676954,734,581717
2021-05-21,US,United States of America,AMRO,29296,32706250,629,582346
2021-05-22,US,United States of America,AMRO,28743,32734993,607,582953
2021-05-23,US,United States of America,AMRO,27921,32762914,743,583696
2021-05-24,US,United States of America,AMRO,21034,32783948,457,584153
2021-05-25,US,United States of America,AMRO,13925,32797873,547,584700
2021-05-26,US,United States of America,AMRO,22239,32820112,482,585182
2021-05-27,US,United States of America,AMRO,24435,32844547,588,585770
2021-05-28,US,United States of America,AMRO,24462,32869009,1120,586890
2021-05-29,US,United States of America,AMRO,22401,32891410,659,587549
2021-05-30,US,United States of America,AMRO,25091,32916501,743,588292
2021-05-31,US,United States of America,AMRO,12677,32929178,304,588596
2021-06-01,US,United States of America,AMRO,9821,32938999,160,588756
2021-06-02,US,United States of America,AMRO,3678,32942677,110,588866
2021-06-03,US,United States of America,AMRO,20641,32963318,689,589555
2021-06-04,US,United States of America,AMRO,15989,32979307,540,590095
2021-06-05,US,United States of America,AMRO,18568,32997875,598,590693
2021-06-06,US,United States of America,AMRO,17729,33015604,583,591276
2021-06-07,US,United States of America,AMRO,11608,33027212,420,591696
2021-06-08,US,United States of America,AMRO,15410,33042622,418,592114
2021-06-09,US,United States of America,AMRO,13739,33056361,496,592610
2021-06-10,US,United States of America,AMRO,16551,33072912,322,592932
2021-06-11,US,United States of America,AMRO,22053,33094965,433,593365
2021-06-12,US,United States of America,AMRO,13304,33108269,513,593878
2021-06-13,US,United States of America,AMRO,12354,33120623,394,594272
2021-06-14,US,United States of America,AMRO,11678,33132301,224,594496
2021-06-15,US,United States of America,AMRO,8197,33140498,148,594644
2021-06-16,US,United States of America,AMRO,11180,33151678,244,594888
2021-06-17,US,United States of America,AMRO,11954,33163632,368,595256
2021-06-18,US,United States of America,AMRO,11767,33175399,335,595591
2021-06-19,US,United States of America,AMRO,14796,33190195,412,596003
2021-06-20,US,United States of America,AMRO,9786,33199981,91,596094
2021-06-21,US,United States of America,AMRO,7045,33207026,54,596148
2021-06-22,US,United States of America,AMRO,9839,33216865,495,596643
2021-06-23,US,United States of America,AMRO,13790,33230655,394,597037
2021-06-24,US,United States of America,AMRO,12874,33243529,335,597372
2021-06-25,US,United States of America,AMRO,14239,33257768,355,597727
2021-06-26,US,United States of America,AMRO,15239,33273007,416,598143
2021-06-27,US,United States of America,AMRO,12370,33285377,361,598504
2021-06-28,US,United States of America,AMRO,8426,33293803,174,598678
2021-06-29,US,United States of America,AMRO,5558,33299361,109,598787
2021-06-30,US,United States of America,AMRO,18442,33317803,302,599089
2021-07-01,US,United States of America,AMRO,15199,33333002,323,599412
2021-07-02,US,United States of America,AMRO,10959,33343961,268,599680
2021-07-03,US,United States of America,AMRO,18156,33362117,329,600009
2021-07-04,US,United States of America,AMRO,16123,33378240,285,600294
2021-07-05,US,United States of America,AMRO,5372,33383612,81,600375
2021-07-06,US,United States of America,AMRO,3180,33386792,31,600406
2021-07-07,US,United States of America,AMRO,5614,33392406,51,600457
2021-07-08,US,United States of America,AMRO,36990,33429396,473,600930
2021-07-09,US,United States of America,AMRO,22569,33451965,301,601231
2021-07-10,US,United States of America,AMRO,26570,33478535,292,601523
2021-07-11,US,United States of America,AMRO,28187,33506722,344,601867
2021-07-12,US,United States of America,AMRO,8224,33514946,77,601944
2021-07-13,US,United States of America,AMRO,37319,33552265,254,602198
2021-07-14,US,United States of America,AMRO,20450,33572715,211,602409
2021-07-15,US,United States of America,AMRO,32107,33604822,411,602820
2021-07-16,US,United States of America,AMRO,38707,33643529,350,603170
2021-07-17,US,United States of America,AMRO,39073,33682602,284,603454
2021-07-18,US,United States of America,AMRO,40553,33723155,336,603790
2021-07-19,US,United States of America,AMRO,11414,33734569,64,603854
2021-07-20,US,United States of America,AMRO,59631,33794200,187,604041
2021-07-21,US,United States of America,AMRO,34678,33828878,211,604252
2021-07-22,US,United States of America,AMRO,208627,34037505,283,604535
2021-07-23,US,United States of America,AMRO,55209,34092714,405,604940
2021-07-24,US,United States of America,AMRO,63988,34156702,426,605366
2021-07-25,US,United States of America,AMRO,66785,34223487,290,605656
2021-07-26,US,United States of America,AMRO,21088,34244575,79,605735
2021-07-27,US,United States of America,AMRO,98849,34343424,289,606024
2021-07-28,US,United States of America,AMRO,47989,34391413,239,606263
2021-07-29,US,United States of America,AMRO,82375,34473788,423,606686
2021-07-30,US,United States of America,AMRO,106184,34579972,450,607136
2021-07-31,US,United States of America,AMRO,79568,34659540,369,607505
2021-08-01,US,United States of America,AMRO,107367,34766907,606,608111
2021-08-02,US,United States of America,AMRO,29504,34796411,111,608222
2021-08-03,US,United States of America,AMRO,135274,34931685,413,608635
2021-08-04,US,United States of America,AMRO,78722,35010407,387,609022
2021-08-05,US,United States of America,AMRO,127247,35137654,663,609685
2021-08-06,US,United States of America,AMRO,109432,35247086,495,610180
2021-08-07,US,United States of America,AMRO,119775,35366861,695,610875
2021-08-08,US,United States of America,AMRO,134400,35501261,627,611502
2021-08-09,US,United States of America,AMRO,105724,35606985,356,611858
2021-08-10,US,United States of America,AMRO,50860,35657845,202,612060
2021-08-11,US,United States of America,AMRO,166521,35824366,913,612973
2021-08-12,US,United States of America,AMRO,133326,35957692,674,613647
2021-08-13,US,United States of America,AMRO,141652,36099344,620,614267
2021-08-14,US,United States of America,AMRO,140676,36240020,683,614950
2021-08-15,US,United States of America,AMRO,145237,36385257,797,615747
2021-08-16,US,United States of America,AMRO,181433,36566690,1054,616801
2021-08-17,US,United States of America,AMRO,96898,36663588,296,617097
2021-08-18,US,United States of America,AMRO,113803,36777391,531,617628
2021-08-19,US,United States of America,AMRO,149314,36926705,1671,619299
2021-08-20,US,United States of America,AMRO,158509,37085214,1056,620355
2021-08-21,US,United States of America,AMRO,134939,37220153,953,621308
2021-08-22,US,United States of America,AMRO,185176,37405329,1151,622459
2021-08-23,US,United States of America,AMRO,141113,37546442,1281,623740
2021-08-24,US,United States of America,AMRO,42515,37588957,160,623900
2021-08-25,US,United States of America,AMRO,227282,37816239,1146,625046
2021-08-26,US,United States of America,AMRO,172744,37988983,2179,627225
2021-08-27,US,United States of America,AMRO,189129,38178112,1354,628579
2021-08-28,US,United States of America,AMRO,165231,38343343,1203,629782
2021-08-29,US,United States of America,AMRO,0,38343343,0,629782
2021-08-30,US,United States of America,AMRO,280846,38624189,2943,632725
2021-08-31,US,United States of America,AMRO,178264,38802453,851,633576
2021-09-01,US,United States of America,AMRO,134701,38937154,839,634415
2021-09-02,US,United States of America,AMRO,154059,39091213,1191,635606
2021-09-03,US,United States of America,AMRO,226459,39317672,3191,638797
2021-09-04,US,United States of America,AMRO,165043,39482715,1499,640296
2021-09-05,US,United States of America,AMRO,158027,39640742,1432,641728
2021-09-06,US,United States of America,AMRO,95570,39736312,1623,643351
2021-09-07,US,United States of America,AMRO,58889,39795201,406,643757
2021-09-08,US,United States of America,AMRO,247820,40043021,1369,645126
2021-09-09,US,United States of America,AMRO,122980,40166001,2505,647631
2021-09-10,US,United States of America,AMRO,174976,40340977,1863,649494
2021-09-11,US,United States of America,AMRO,167880,40508857,1710,651204
2021-09-12,US,United States of America,AMRO,190015,40698872,3144,654348
2021-09-13,US,United States of America,AMRO,67613,40766485,558,654906
2021-09-14,US,United States of America,AMRO,173664,40940149,1237,656143
2021-09-15,US,United States of America,AMRO,125961,41066110,971,657114
2021-09-16,US,United States of America,AMRO,163311,41229421,2222,659336
